0 0.457393 0.609754 0.830115 0.756146 0.948987 1

0 0.462139 0.613653 0.822235 0.749192 0.948752 1

0 0.458486 0.61859 0.808749 0.740896 0.939233 1
74 0.889455 0.434767 0.124986 0.170528 0.5261 2

74 0.888615 0.438655 0.123515 0.167984 0.58732 2
0 0.570261 0.697534 0.620371 0.579122 0.741168 6

74 0.888651 0.43856 0.123853 0.168479 0.521595 2
0 0.552789 0.699882 0.63054 0.579345 0.687627 6
62 0.849653 0.503091 0.259855 0.599945 0.685289 3

74 0.88856 0.438441 0.123733 0.168388 0.559793 2
0 0.516768 0.69869 0.627518 0.577073 0.714934 6
62 0.849589 0.472004 0.243001 0.538353 0.810377 3

74 0.888547 0.438346 0.123635 0.168282 0.494367 2
0 0.499906 0.701451 0.623812 0.573675 0.516762 6
62 0.849584 0.45104 0.234906 0.49917 0.644772 3

74 0.888558 0.438443 0.123454 0.168002 0.502209 2
0 0.486603 0.702498 0.623393 0.575423 0.694254 6
62 0.850818 0.436112 0.227932 0.463802 0.491905 3

74 0.888626 0.438791 0.123508 0.168154 0.584945 2
0 0.486084 0.702898 0.623171 0.576826 0.447174 6
62 0.851162 0.428775 0.226194 0.442051 0.557197 3

74 0.888811 0.43868 0.123675 0.168388 0.616966 2
0 0.492054 0.80731 0.440813 0.372713 0.501128 6
62 0.851341 0.421236 0.226736 0.426892 0.517006 3

74 0.88889 0.43845 0.123615 0.168308 0.62397 2
0 0.499659 0.851508 0.363545 0.285993 0.447948 6
62 0.851388 0.420328 0.23338 0.426561 0.601444 3

74 0.888617 0.438182 0.12382 0.1686 0.581363 2
62 0.851309 0.423234 0.243969 0.436409 0.629008 3

74 0.888463 0.438645 0.123768 0.168612 0.407271 2
62 0.85121 0.432292 0.257057 0.453575 0.597621 3

0 0.457117 0.619806 0.804992 0.738219 0.940608 1
74 0.88946 0.434809 0.124822 0.170349 0.510836 2

74 0.888731 0.438442 0.123652 0.168421 0.53194 2
62 0.851224 0.43432 0.263017 0.458164 0.661328 3
0 0.49491 0.701489 0.618954 0.581868 0.703536 7

74 0.888704 0.438353 0.123621 0.168393 0.523373 2
62 0.850976 0.43235 0.2639 0.453215 0.710849 3
0 0.489198 0.70215 0.618791 0.581839 0.747777 7

74 0.888685 0.438383 0.123556 0.16834 0.445938 2
62 0.851116 0.431382 0.268485 0.456211 0.721981 3
0 0.487758 0.702268 0.618179 0.581333 0.72601 7

74 0.888497 0.438685 0.123628 0.16845 0.507031 2
62 0.851103 0.435886 0.274927 0.463829 0.630886 3
0 0.459504 0.701142 0.62059 0.578752 0.713269 7

62 0.85126 0.441951 0.279992 0.469971 0.620866 3
0 0.481153 0.702086 0.620593 0.578742 0.729208 7

62 0.849465 0.450652 0.292895 0.491983 0.622961 3
0 0.481308 0.700779 0.61915 0.57812 0.667305 7

62 0.849245 0.456706 0.301509 0.509029 0.763886 3
0 0.482373 0.699674 0.619797 0.581179 0.725272 7

62 0.84795 0.462432 0.3041 0.52039 0.716917 3
0 0.48745 0.699334 0.615779 0.580543 0.77493 7
74 0.888386 0.438854 0.123267 0.167997 0.533333 2

62 0.842129 0.487402 0.315741 0.568651 0.666983 3
0 0.522426 0.69933 0.619183 0.577311 0.804642 7
74 0.888492 0.438559 0.123254 0.16792 0.523777 2

62 0.840875 0.495934 0.318251 0.585743 0.716506 3
0 0.535889 0.699076 0.625043 0.576472 0.808542 7
74 0.888544 0.438419 0.123564 0.168367 0.576994 2

0 0.45429 0.623048 0.796816 0.731442 0.941294 1
74 0.889714 0.434494 0.124497 0.169802 0.574445 2

62 0.84139 0.496623 0.31722 0.588696 0.736071 3
0 0.536669 0.699408 0.634159 0.578306 0.860911 7
74 0.888808 0.438408 0.123377 0.168032 0.637347 2

62 0.842834 0.492594 0.314333 0.583288 0.760076 3
0 0.539607 0.700572 0.639745 0.577539 0.853223 7
74 0.888504 0.438568 0.123296 0.167925 0.517342 2

62 0.84394 0.491506 0.31212 0.57959 0.752403 3
0 0.539211 0.701278 0.646151 0.577349 0.846203 7
74 0.888483 0.438467 0.123391 0.16807 0.555459 2

62 0.842381 0.501111 0.315238 0.598141 0.719062 3
0 0.50644 0.702981 0.646092 0.579406 0.699855 7
74 0.888606 0.438451 0.123159 0.167651 0.64247 2

62 0.837584 0.523143 0.324832 0.643458 0.600583 3
0 0.55041 0.702086 0.661593 0.577661 0.630627 7
74 0.888395 0.438287 0.122993 0.167425 0.556513 2

0 0.558444 0.701258 0.683061 0.580535 0.511684 7
74 0.888341 0.438751 0.123116 0.167579 0.499201 2

0 0.520614 0.69667 0.710242 0.583363 0.484327 7
62 0.831206 0.556701 0.337588 0.707943 0.636263 3

0 0.50801 0.696859 0.706866 0.584221 0.791511 7
62 0.829581 0.577862 0.340838 0.745287 0.453801 3
74 0.888289 0.438886 0.123111 0.167583 0.510381 2

0 0.5155 0.697657 0.70699 0.585211 0.837993 7
62 0.830065 0.585439 0.33987 0.757849 0.522228 3
74 0.888347 0.438671 0.12315 0.167589 0.509319 2

0 0.528247 0.697667 0.705678 0.582525 0.652859 7
62 0.833435 0.579774 0.33313 0.747636 0.758988 3
74 0.888288 0.438669 0.123038 0.167435 0.41732 2

0 0.44975 0.626344 0.787616 0.723948 0.937835 1
74 0.889524 0.435028 0.124656 0.170069 0.492811 2

0 0.507068 0.702056 0.689756 0.572897 0.908281 7
62 0.848815 0.511609 0.302369 0.611674 0.601407 3
74 0.888351 0.438652 0.123947 0.168758 0.493047 2

0 0.503957 0.6894 0.714766 0.598834 0.937323 7

0 0.50915 0.678488 0.735607 0.620209 0.93705 7
62 0.835692 0.568939 0.328615 0.735465 0.634149 3

0 0.517919 0.668216 0.756053 0.64006 0.94394 7
62 0.834625 0.579157 0.330749 0.761527 0.63333 3

0 0.545736 0.652561 0.794499 0.671202 0.937965 7
62 0.83825 0.573399 0.3235 0.743973 0.75972 3

0 0.560827 0.640273 0.824288 0.695175 0.93881 7
62 0.837649 0.579834 0.324702 0.762075 0.688744 3

0 0.567182 0.626575 0.857314 0.723885 0.94923 7
62 0.842517 0.563797 0.314966 0.726534 0.725146 3

0 0.563275 0.617725 0.87345 0.748293 0.950913 7
62 0.845067 0.556762 0.309866 0.709226 0.682261 3
74 0.88844 0.438561 0.123273 0.167843 0.507037 2

0 0.558112 0.605768 0.883776 0.76901 0.951196 7
62 0.846547 0.551036 0.306906 0.700698 0.60234 3
74 0.889094 0.437696 0.125098 0.170047 0.465147 2

0 0.552856 0.594986 0.894288 0.789399 0.954309 7
62 0.848666 0.546106 0.302668 0.684963 0.578393 3
74 0.889234 0.437484 0.125514 0.17034 0.4264 2

0 0.44755 0.629978 0.77764 0.71573 0.940065 1
74 0.889736 0.435002 0.124295 0.169415 0.489081 2

0 0.547183 0.582615 0.905633 0.81331 0.955844 7
62 0.850675 0.535953 0.29865 0.66784 0.698415 3

0 0.54279 0.572102 0.91442 0.833827 0.957388 7
62 0.851901 0.533168 0.296198 0.657086 0.836896 3

0 0.540883 0.564876 0.918234 0.847451 0.955826 7
74 0.888712 0.438567 0.125107 0.170059 0.525469 2

0 0.5396 0.559549 0.9208 0.857461 0.954953 7
74 0.888668 0.439229 0.123847 0.168352 0.526432 2

0 0.540193 0.558442 0.919615 0.859731 0.951296 7
74 0.888373 0.439771 0.123604 0.16791 0.444086 2

0 0.541219 0.55864 0.917561 0.858471 0.952355 7
74 0.888385 0.439283 0.123503 0.167764 0.437261 2

0 0.542985 0.560618 0.91403 0.854295 0.952903 7
74 0.888264 0.439832 0.123681 0.168006 0.48773 2

0 0.545712 0.565569 0.908577 0.84619 0.952128 7
74 0.889278 0.439271 0.12499 0.169895 0.459115 2

0 0.547934 0.570287 0.904133 0.836271 0.948243 7
62 0.847345 0.55045 0.30531 0.69935 0.687478 3

0 0.543186 0.583483 0.89882 0.8156 0.942978 7
62 0.846642 0.555608 0.306716 0.715797 0.542748 3

0 0.446813 0.632977 0.770711 0.709984 0.939807 1
74 0.889727 0.435497 0.124337 0.169335 0.526101 2

0 0.527413 0.596886 0.880357 0.794023 0.945654 7
62 0.845899 0.567419 0.308201 0.7285 0.485917 3
74 0.888297 0.441417 0.123464 0.167806 0.525586 2

0 0.514924 0.60237 0.873779 0.782539 0.939112 7
62 0.844909 0.573194 0.310183 0.74782 0.492924 3

0 0.515877 0.608257 0.866974 0.771824 0.939391 7
62 0.844897 0.580214 0.310205 0.755283 0.545677 3

0 0.515128 0.603222 0.882043 0.782652 0.956101 7
74 0.889854 0.427938 0.125164 0.169981 0.624984 2

0 0.512449 0.605872 0.880801 0.777918 0.947032 7
62 0.845812 0.58128 0.308376 0.753846 0.589775 3

0 0.513193 0.600783 0.892591 0.78609 0.95465 7
74 0.890083 0.425397 0.12522 0.169865 0.584653 2

0 0.514444 0.600576 0.894296 0.785396 0.948556 7

0 0.515537 0.59833 0.902451 0.791637 0.955412 7
74 0.889794 0.426407 0.125031 0.169347 0.598934 2

0 0.515678 0.597854 0.903364 0.790873 0.95241 7
74 0.889663 0.428923 0.125891 0.170466 0.445208 2

0 0.515187 0.594654 0.909942 0.796293 0.955127 7
74 0.889732 0.427727 0.125346 0.169502 0.61129 2

0 0.447186 0.635515 0.764733 0.704943 0.938928 1
74 0.889767 0.435168 0.124592 0.169628 0.589187 2

0 0.51589 0.594259 0.910742 0.796192 0.950824 7
74 0.889513 0.430401 0.125523 0.169512 0.429947 2

0 0.517318 0.592061 0.915506 0.800444 0.950537 7
74 0.889693 0.428134 0.125595 0.169556 0.62621 2

0 0.518715 0.591514 0.9189 0.803968 0.9459 7
74 0.889591 0.427709 0.125341 0.169127 0.623207 2

0 0.52006 0.590601 0.921453 0.806888 0.944261 7
74 0.889726 0.427441 0.125499 0.169411 0.635171 2

0 0.520318 0.589925 0.9199 0.805606 0.947529 7
74 0.889832 0.426765 0.125545 0.169476 0.676983 2

0 0.518146 0.589207 0.920552 0.806101 0.95255 7
74 0.889895 0.426317 0.125648 0.169592 0.68202 2

0 0.515421 0.591101 0.917443 0.802585 0.955454 7
74 0.890231 0.431383 0.125352 0.169246 0.473285 2

0 0.515137 0.589833 0.919421 0.804016 0.956554 7
74 0.89003 0.428782 0.125695 0.169798 0.559777 2

0 0.515015 0.590221 0.919481 0.803233 0.954945 7
74 0.889656 0.43044 0.125596 0.169477 0.440655 2

0 0.513577 0.590894 0.918777 0.802036 0.954667 7
74 0.889595 0.429416 0.125462 0.169313 0.542235 2

0 0.448434 0.638022 0.75957 0.700432 0.937417 1
74 0.889569 0.435841 0.124184 0.168932 0.564243 2

0 0.51289 0.593382 0.915226 0.79757 0.956002 7

0 0.51184 0.592429 0.91831 0.799139 0.959393 7

0 0.512323 0.594352 0.91715 0.796132 0.955564 7

0 0.514047 0.594629 0.918223 0.795299 0.956273 7

0 0.515075 0.593121 0.921675 0.797802 0.959985 7
74 0.88978 0.428975 0.124969 0.168604 0.542103 2

0 0.516504 0.59417 0.922049 0.797352 0.95589 7
74 0.889793 0.429812 0.124908 0.168539 0.462306 2

0 0.516055 0.593384 0.923886 0.798985 0.958688 7
74 0.889693 0.429415 0.125142 0.16866 0.576322 2

0 0.514876 0.594673 0.921393 0.796595 0.959893 7
74 0.889874 0.429648 0.125006 0.168498 0.459523 2

0 0.514119 0.596411 0.919031 0.794389 0.958716 7
74 0.889933 0.429669 0.124347 0.16749 0.572923 2

0 0.448613 0.636933 0.760615 0.702221 0.939888 1
74 0.889279 0.435046 0.124521 0.16947 0.574484 2

0 0.451082 0.638644 0.755667 0.698732 0.933609 1
74 0.888933 0.437318 0.124567 0.169604 0.607296 2

0 0.461935 0.615011 0.819354 0.746788 0.949421 1

0 0.45437 0.636124 0.758945 0.703789 0.934042 1
74 0.889144 0.435291 0.124295 0.169194 0.586498 2

0 0.455143 0.63688 0.755066 0.702161 0.931056 1
74 0.888852 0.437849 0.124113 0.168944 0.597367 2

0 0.450497 0.634433 0.757921 0.706477 0.935621 1
74 0.889088 0.435805 0.124422 0.169324 0.573267 2

0 0.4457 0.63246 0.759831 0.710024 0.93752 1
74 0.889114 0.43585 0.124399 0.169258 0.595659 2

0 0.442178 0.631219 0.760943 0.712782 0.9381 1
74 0.888712 0.43657 0.124507 0.169509 0.604745 2

0 0.439344 0.630222 0.761937 0.714979 0.938102 1
74 0.888818 0.436688 0.124194 0.169051 0.599607 2

0 0.438043 0.627827 0.765462 0.719723 0.939987 1
74 0.889023 0.434899 0.124234 0.169168 0.605071 2

0 0.439084 0.62953 0.760328 0.716177 0.937939 1
74 0.88878 0.437811 0.123553 0.168099 0.702012 2

0 0.440136 0.63102 0.755831 0.713136 0.936953 1
74 0.888768 0.43741 0.124326 0.169193 0.620682 2

0 0.439663 0.633837 0.748256 0.707118 0.938446 1
74 0.888761 0.436608 0.1242 0.168973 0.604629 2

0 0.461694 0.615875 0.817478 0.745312 0.949738 1
74 0.889267 0.434905 0.123893 0.169087 0.501066 2

0 0.438319 0.637858 0.738935 0.699236 0.936643 1
74 0.888751 0.435802 0.124725 0.169832 0.531867 2

0 0.436157 0.642075 0.729622 0.691512 0.93881 1
74 0.888633 0.437937 0.124041 0.168817 0.674198 2

0 0.434883 0.645577 0.728507 0.691128 0.939397 1
74 0.888733 0.437831 0.124218 0.169067 0.736625 2

0 0.434925 0.645527 0.72302 0.686772 0.937828 1
74 0.888672 0.436745 0.12475 0.169957 0.549459 2

0 0.43436 0.650251 0.718081 0.682455 0.935781 1
74 0.888556 0.437362 0.124637 0.169849 0.615771 2

0 0.433429 0.652767 0.71439 0.679379 0.935755 1
74 0.888462 0.436881 0.12428 0.169362 0.601786 2

0 0.426718 0.653409 0.705238 0.672646 0.932324 1
74 0.888802 0.437 0.12435 0.169422 0.678939 2

0 0.411546 0.656976 0.691259 0.663662 0.677319 1
74 0.888779 0.437308 0.125037 0.170617 0.598225 2
62 0.850235 0.481469 0.215604 0.559993 0.568215 3

0 0.454272 0.66224 0.689792 0.651663 0.89007 1
74 0.888753 0.437004 0.125326 0.171333 0.433113 2

0 0.453446 0.66581 0.686669 0.643138 0.928532 1
74 0.888688 0.438028 0.125659 0.172057 0.498659 2

0 0.462083 0.615347 0.817989 0.746131 0.949322 1
74 0.889073 0.435226 0.12435 0.169726 0.518063 2

0 0.438949 0.665471 0.688207 0.642871 0.894245 1
74 0.888829 0.437612 0.125475 0.172081 0.629668 2

0 0.425274 0.67166 0.686417 0.639202 0.90022 1
74 0.888743 0.43759 0.124478 0.17067 0.572053 2

0 0.423164 0.663576 0.698441 0.651256 0.898346 1
74 0.888828 0.436788 0.123496 0.169077 0.494941 2
67 0.561445 0.564755 0.29911 0.522305 0.561381 5
62 0.85014 0.594669 0.299719 0.785825 0.617885 3

0 0.4228 0.659032 0.706125 0.659534 0.887615 1
74 0.888968 0.436863 0.123323 0.168645 0.58047 2
67 0.563506 0.556889 0.294287 0.513724 0.565032 5
62 0.848754 0.600922 0.302492 0.798156 0.682721 3

0 0.422987 0.659481 0.70437 0.657959 0.873281 1
74 0.888872 0.436838 0.124232 0.170067 0.558345 2
67 0.577115 0.56227 0.296361 0.516715 0.459909 5
62 0.848196 0.600981 0.303607 0.798039 0.479816 3

0 0.424585 0.661314 0.70076 0.653864 0.879077 1
74 0.888777 0.437519 0.123789 0.169349 0.633322 2
67 0.578896 0.568748 0.300468 0.524044 0.400029 5
62 0.848336 0.601171 0.303327 0.797659 0.40884 3

0 0.427393 0.664602 0.694976 0.646791 0.876311 1
74 0.888672 0.437368 0.125135 0.171521 0.599602 2
62 0.849132 0.601287 0.301735 0.797426 0.506767 3

0 0.430165 0.667907 0.689538 0.639211 0.878393 1
74 0.888793 0.437507 0.125394 0.172127 0.634539 2
62 0.849161 0.601657 0.301679 0.796686 0.429014 3
67 0.593746 0.571628 0.303247 0.528734 0.578005 5

0 0.431401 0.671268 0.685573 0.632737 0.890672 1
74 0.888715 0.437428 0.125174 0.172015 0.568428 2
67 0.596412 0.570187 0.301327 0.523452 0.514903 5

0 0.433478 0.673308 0.684268 0.628622 0.899114 1
74 0.888798 0.436974 0.124068 0.170352 0.604197 2
67 0.599422 0.574579 0.302567 0.525948 0.651172 5

0 0.46204 0.615883 0.816725 0.745291 0.949451 1
74 0.889383 0.435262 0.124099 0.16935 0.6307 2

0 0.438881 0.673243 0.687926 0.628465 0.914014 1
74 0.888614 0.437379 0.125333 0.172334 0.517864 2
67 0.614654 0.588667 0.311469 0.542188 0.561286 5

0 0.449493 0.674294 0.692857 0.627363 0.886156 1
74 0.888724 0.43686 0.125154 0.172318 0.57526 2

0 0.403385 0.678503 0.68389 0.626661 0.892549 1
74 0.88883 0.437572 0.125108 0.172513 0.545677 2

0 0.40485 0.678924 0.684537 0.629241 0.899331 1
74 0.888753 0.43711 0.124013 0.171027 0.662097 2
62 0.849402 0.501001 0.236614 0.592635 0.553554 3

0 0.408561 0.677776 0.686282 0.631614 0.941204 1
74 0.888831 0.436845 0.123285 0.16976 0.633261 2
62 0.849877 0.569133 0.292654 0.736674 0.62338 3

0 0.414311 0.670525 0.693217 0.63884 0.938187 1
74 0.888752 0.43679 0.12285 0.168976 0.619138 2
62 0.849819 0.582103 0.300362 0.761951 0.657472 3

0 0.42367 0.661231 0.709665 0.654484 0.939361 1
74 0.888773 0.436888 0.122915 0.168809 0.628769 2
62 0.849348 0.586478 0.301304 0.770795 0.604078 3

0 0.43695 0.649059 0.735753 0.678201 0.939008 1
74 0.888753 0.436861 0.122922 0.168683 0.651552 2
62 0.849115 0.587878 0.30177 0.774727 0.548751 3

0 0.457492 0.626066 0.786918 0.724383 0.945811 1
74 0.888783 0.436747 0.12313 0.168873 0.482973 2
62 0.849199 0.588671 0.301602 0.776993 0.733119 3

0 0.478565 0.605437 0.832804 0.763714 0.950834 1
74 0.888726 0.436334 0.123449 0.169201 0.444039 2
62 0.849128 0.589432 0.301745 0.780115 0.617955 3

0 0.461704 0.615419 0.817411 0.746418 0.94935 1
74 0.889473 0.434934 0.124238 0.169497 0.547034 2

0 0.501829 0.556907 0.939762 0.863576 0.951827 1
74 0.888906 0.435263 0.123673 0.169427 0.546991 2
62 0.857348 0.55643 0.283733 0.723379 0.570876 3

0 0.5 0.513669 1 0.94634 0.964031 1

0 0.5 0.495594 1 0.978736 0.968423 1

0 0.5 0.491407 1 0.982814 0.961324 1

0 0.5 0.490844 1 0.981687 0.963687 1

0 0.5 0.491171 1 0.982342 0.964478 1

0 0.5 0.491408 1 0.982816 0.966013 1

0 0.5 0.491373 1 0.982745 0.96136 1

0 0.5 0.492617 1 0.985235 0.959173 1

0 0.5 0.492984 1 0.985969 0.9569 1

0 0.461153 0.615969 0.816623 0.746187 0.944998 1
74 0.88934 0.434711 0.124397 0.169729 0.570593 2

0 0.5 0.493752 1 0.987503 0.959409 1

0 0.500304 0.493688 0.999392 0.987376 0.965302 1

0 0.501449 0.493512 0.997103 0.987023 0.954461 1
62 0.90106 0.440497 0.183965 0.460646 0.53424 3

0 0.503226 0.492316 0.993549 0.984632 0.956259 1
62 0.881014 0.43792 0.200163 0.480404 0.717001 3

0 0.505518 0.491317 0.988965 0.982635 0.958046 1
62 0.86272 0.428276 0.211682 0.476983 0.722608 3

0 0.507127 0.490797 0.985746 0.981595 0.946159 1
62 0.85389 0.4303 0.223948 0.480436 0.818753 3

0 0.513334 0.502081 0.973333 0.960895 0.941542 1
62 0.850952 0.437758 0.234425 0.484656 0.776677 3

0 0.519605 0.530182 0.931617 0.910572 0.940969 1
62 0.849863 0.443827 0.243902 0.490108 0.791927 3

0 0.536299 0.569056 0.861389 0.833395 0.926985 1
62 0.849779 0.481175 0.277748 0.557629 0.874581 3

0 0.548356 0.598001 0.815013 0.777947 0.940999 1
62 0.84882 0.510465 0.302361 0.61529 0.841962 3
74 0.888603 0.438276 0.123511 0.168928 0.543427 2

0 0.461212 0.616375 0.81472 0.745198 0.941115 1
74 0.889548 0.434816 0.124306 0.169546 0.582052 2

0 0.556644 0.624158 0.77954 0.732089 0.935812 1
62 0.84464 0.530799 0.310721 0.651575 0.675514 3
74 0.88828 0.439069 0.122906 0.167949 0.550147 2

0 0.490926 0.646087 0.724086 0.685353 0.835205 1
62 0.848556 0.472413 0.272923 0.54084 0.586561 3
74 0.88855 0.438372 0.124731 0.171086 0.582514 2

0 0.512964 0.666698 0.68874 0.643924 0.738998 1
62 0.848704 0.476434 0.276812 0.543807 0.727116 3
74 0.888368 0.439543 0.123494 0.16917 0.502366 2

0 0.457051 0.686585 0.665069 0.608971 0.799678 1
62 0.837826 0.552025 0.324348 0.700952 0.63303 3
74 0.88875 0.437578 0.123335 0.168706 0.636779 2

0 0.435867 0.701206 0.648133 0.583563 0.805442 1
62 0.833015 0.579468 0.333969 0.756876 0.585105 3
74 0.888724 0.438358 0.122982 0.167971 0.664551 2

0 0.415068 0.712031 0.63996 0.565121 0.773654 1
62 0.832818 0.589238 0.334363 0.775603 0.450004 3
74 0.888675 0.43868 0.123243 0.168257 0.565899 2
0 0.554006 0.705433 0.501959 0.573217 0.633388 6

62 0.833786 0.593507 0.332428 0.782939 0.484656 3
74 0.88859 0.438748 0.123226 0.168057 0.668063 2
0 0.496647 0.712139 0.494332 0.561455 0.741891 6

62 0.835343 0.593879 0.329314 0.783958 0.531692 3
74 0.888833 0.438279 0.123397 0.168095 0.706307 2
0 0.539775 0.711755 0.494008 0.56202 0.620976 6

62 0.835984 0.593906 0.328033 0.789652 0.424241 3
74 0.888918 0.43816 0.123604 0.168326 0.632876 2
0 0.498718 0.711526 0.501384 0.565154 0.804937 6

62 0.836907 0.594577 0.326186 0.791501 0.518141 3
74 0.888786 0.438516 0.123477 0.168033 0.701172 2
0 0.487733 0.709513 0.511244 0.570259 0.807711 6

0 0.460223 0.617911 0.810539 0.741871 0.94089 1
74 0.889643 0.434583 0.124365 0.169585 0.586904 2

62 0.839052 0.591933 0.321895 0.784373 0.600528 3
74 0.888773 0.438522 0.123692 0.16831 0.631115 2
0 0.486112 0.705562 0.521487 0.575257 0.851977 6

62 0.840837 0.588489 0.318327 0.774671 0.617652 3
74 0.888603 0.438428 0.123834 0.168506 0.625961 2
0 0.491691 0.705104 0.528167 0.574874 0.770129 6

62 0.843104 0.582709 0.313793 0.759037 0.579979 3
74 0.888683 0.438328 0.124168 0.169064 0.520815 2
0 0.494698 0.704562 0.535643 0.574549 0.786467 6

62 0.842027 0.590839 0.315946 0.778186 0.455652 3
74 0.888624 0.438601 0.12384 0.168599 0.532338 2
0 0.495579 0.704877 0.539995 0.572118 0.827678 6

62 0.842403 0.59285 0.315194 0.781733 0.450375 3
74 0.888669 0.438943 0.123478 0.168064 0.57354 2
0 0.49584 0.70458 0.545235 0.570817 0.694627 6

74 0.888775 0.438144 0.123827 0.168531 0.663491 2

74 0.888657 0.438563 0.123692 0.168366 0.558336 2

74 0.888605 0.438483 0.123356 0.167815 0.573386 2
0 0.546209 0.70379 0.566955 0.574177 0.788795 6

74 0.888608 0.438336 0.123631 0.168204 0.53903 2
0 0.550559 0.702639 0.585142 0.576676 0.774236 6

74 0.888684 0.438499 0.123526 0.167992 0.628373 2
0 0.557009 0.702093 0.601091 0.576866 0.775395 6

