class   coords1   coords2   coords3   coords4   confidence_value   objectID

0 0.185315 0.708304 0.368265 0.581437 0.955273 1
0 0.441876 0.891691 0.164741 0.215311 0.874761 2

0 0.185329 0.708572 0.367952 0.580919 0.953827 1
0 0.441322 0.891467 0.165112 0.215793 0.877395 2

0 0.1843 0.708734 0.367656 0.580532 0.953371 1
0 0.444384 0.893551 0.16304 0.21147 0.878468 2

0 0.455369 0.677885 0.434569 0.636277 0.88942 12
0 0.77054 0.6936 0.230539 0.6128 0.83524 8
56 0.53571 0.878804 0.357299 0.24124 0.76681 11
56 0.195829 0.820254 0.165791 0.348324 0.762241 13

0 0.455357 0.678658 0.434503 0.636809 0.894916 12
0 0.773555 0.694162 0.231183 0.611675 0.841986 8
56 0.536091 0.87901 0.356417 0.240822 0.737254 11
56 0.195819 0.820488 0.165778 0.348675 0.796046 13

0 0.455336 0.677857 0.434087 0.6366 0.888257 12
0 0.776103 0.693933 0.232762 0.612135 0.833479 8
56 0.536502 0.878767 0.356976 0.241286 0.771429 11
56 0.194152 0.820943 0.166084 0.348492 0.654761 13

0 0.455856 0.677948 0.433701 0.636582 0.89211 12
0 0.775872 0.693821 0.233993 0.612358 0.861051 8
56 0.536556 0.878519 0.357411 0.241769 0.784218 11
56 0.194169 0.820536 0.165785 0.347722 0.759466 13

0 0.456104 0.678131 0.433156 0.636217 0.884351 12
0 0.774594 0.694091 0.234066 0.611819 0.821943 8
56 0.536551 0.878774 0.356504 0.24127 0.787684 11
56 0.193403 0.820771 0.166561 0.348899 0.778699 13

0 0.455877 0.678265 0.432954 0.636258 0.872086 12
0 0.774094 0.695001 0.233401 0.609998 0.811458 8
56 0.535935 0.87912 0.355398 0.240578 0.750165 11
56 0.194225 0.821225 0.166225 0.34852 0.696469 13

0 0.455826 0.677567 0.432186 0.63532 0.878983 12
0 0.776143 0.695022 0.233914 0.609956 0.82742 8
56 0.536423 0.879341 0.35473 0.240146 0.78868 11
56 0.194259 0.821136 0.166076 0.348008 0.730609 13

0 0.456001 0.677596 0.432519 0.636271 0.891319 12
0 0.77648 0.69447 0.235009 0.611061 0.830801 8
56 0.536341 0.879239 0.35485 0.240354 0.78072 11
56 0.19508 0.821046 0.165952 0.347906 0.738613 13

0 0.455842 0.677697 0.431964 0.635486 0.877535 12
0 0.775992 0.694859 0.235296 0.610282 0.835748 8
56 0.536639 0.879316 0.354478 0.240175 0.756064 11
56 0.195405 0.821416 0.16543 0.346864 0.713879 13

0 0.455411 0.677985 0.43326 0.63756 0.889951 12
0 0.775814 0.694513 0.236333 0.610973 0.840809 8
56 0.536811 0.878802 0.355882 0.241215 0.742442 11
56 0.194873 0.821534 0.165846 0.347645 0.77003 13

0 0.18431 0.709165 0.367065 0.579662 0.952065 1
0 0.444806 0.894304 0.162657 0.209978 0.865484 2

0 0.45543 0.678456 0.432479 0.636639 0.889357 12
0 0.775773 0.695747 0.236338 0.608505 0.849449 8
56 0.53654 0.879181 0.354654 0.240481 0.779628 11
56 0.19386 0.821963 0.16622 0.348368 0.675652 13

0 0.455911 0.677791 0.432762 0.63761 0.890728 12
0 0.775294 0.695507 0.236878 0.608985 0.844137 8
56 0.546232 0.879313 0.357145 0.240187 0.778584 11
56 0.192188 0.821469 0.166612 0.348309 0.727291 13

0 0.455758 0.678449 0.43194 0.636435 0.894586 12
0 0.778253 0.696237 0.236746 0.607526 0.843128 8
56 0.54467 0.879739 0.357114 0.239351 0.719115 11
56 0.194099 0.821132 0.166499 0.348495 0.796238 13

0 0.45549 0.677724 0.431595 0.636262 0.882073 12
0 0.777472 0.695446 0.237188 0.609108 0.85423 8
56 0.54212 0.879218 0.358988 0.240375 0.747484 11
56 0.194306 0.821102 0.166503 0.348458 0.625458 13

0 0.455165 0.678091 0.431332 0.636303 0.891498 12
0 0.777573 0.69483 0.237371 0.61034 0.824923 8
56 0.538968 0.879011 0.359382 0.240967 0.690139 11
56 0.194778 0.821019 0.166932 0.349493 0.719225 13

0 0.454997 0.677573 0.430345 0.63515 0.881886 12
0 0.779212 0.694614 0.237603 0.610773 0.838882 8
56 0.540667 0.879469 0.358653 0.239967 0.729593 11
56 0.195124 0.819261 0.16611 0.347667 0.793116 13

0 0.454663 0.677075 0.429737 0.634742 0.878203 12
0 0.777457 0.693537 0.237738 0.612637 0.840883 8
56 0.539973 0.879651 0.358452 0.239569 0.753702 11
56 0.195117 0.819637 0.16664 0.348519 0.759449 13

0 0.454324 0.677734 0.42909 0.634548 0.885535 12
0 0.780116 0.693245 0.23843 0.613421 0.847268 8
56 0.542081 0.879545 0.359634 0.239754 0.725909 11
56 0.194206 0.820169 0.166468 0.347432 0.698777 13

0 0.453471 0.677342 0.428881 0.634597 0.883522 12
0 0.778847 0.693273 0.238071 0.613439 0.842232 8
56 0.541217 0.879544 0.359874 0.239762 0.70579 11
56 0.194418 0.820246 0.167843 0.350491 0.774853 13

0 0.454918 0.676957 0.428951 0.63568 0.885099 12
0 0.780363 0.692949 0.238921 0.614102 0.846728 8
56 0.546519 0.879019 0.362751 0.240793 0.717051 11
56 0.195645 0.818961 0.16616 0.345895 0.576843 13

0 0.183981 0.708584 0.367574 0.580802 0.949174 1
0 0.445117 0.894166 0.163711 0.210279 0.876561 2

0 0.458095 0.676903 0.427723 0.635707 0.88842 12
0 0.780915 0.693994 0.238914 0.612013 0.86117 8
56 0.544129 0.879563 0.360574 0.239675 0.706654 11
56 0.197812 0.821406 0.167915 0.347393 0.676992 13

0 0.464476 0.67717 0.422461 0.631149 0.894376 12
0 0.780643 0.695341 0.238466 0.609318 0.875861 8
56 0.54717 0.880265 0.359017 0.238288 0.686502 11
56 0.203923 0.820598 0.16592 0.342198 0.808301 13

0 0.469309 0.67601 0.418622 0.629255 0.88492 12
0 0.777521 0.693892 0.240623 0.612217 0.867131 8
56 0.54972 0.879281 0.361481 0.240328 0.743736 11
56 0.209923 0.807883 0.157703 0.321413 0.842801 13

0 0.478235 0.676096 0.416048 0.630056 0.803604 12
0 0.781041 0.693777 0.241814 0.612446 0.857294 8
56 0.555864 0.878969 0.361715 0.240999 0.669828 11
56 0.221366 0.799336 0.151207 0.304193 0.811064 13

0 0.495957 0.678008 0.414215 0.633446 0.67029 12
0 0.797237 0.693604 0.241935 0.611386 0.848244 8
56 0.572254 0.879336 0.360516 0.240264 0.667345 11
56 0.242295 0.763175 0.120909 0.228121 0.616187 13

0 0.518534 0.680916 0.408757 0.629424 0.721303 12
0 0.82576 0.693277 0.243733 0.612405 0.841748 8
56 0.597538 0.880035 0.358787 0.238999 0.558181 11
56 0.272264 0.748427 0.110961 0.19794 0.524404 13

0 0.544081 0.681364 0.406723 0.631711 0.655758 12
0 0.85058 0.693969 0.246204 0.61081 0.875341 8
56 0.62295 0.881114 0.355973 0.236835 0.74321 11
56 0.30179 0.746682 0.114189 0.19481 0.562696 13

0 0.608178 0.603094 0.315345 0.484073 0.751782 12
0 0.879932 0.687062 0.240135 0.601867 0.591908 8
56 0.666638 0.880729 0.358175 0.23792 0.651735 11
56 0.34903 0.741794 0.11601 0.188173 0.610316 13

0 0.666428 0.574334 0.277186 0.42043 0.78688 12
0 0.901723 0.643736 0.196554 0.51835 0.778766 8
56 0.713431 0.882573 0.354554 0.234059 0.654783 11
56 0.39743 0.741915 0.119559 0.185888 0.525734 13
56 0.744619 0.732499 0.165779 0.0778852 0.624504 15

0 0.679354 0.65015 0.371974 0.572753 0.824573 12
0 0.915227 0.637824 0.169547 0.506708 0.741815 8
56 0.744919 0.884364 0.351068 0.230403 0.743314 11
56 0.429412 0.775584 0.16374 0.256783 0.654384 13
56 0.772029 0.735966 0.169029 0.0793313 0.66485 15
0 0.115099 0.684101 0.230197 0.628033 0.663374 16
56 0.802789 0.736086 0.118069 0.0824203 0.677731 17

0 0.183806 0.707801 0.367611 0.582375 0.948253 1
0 0.443973 0.894118 0.164386 0.210356 0.871378 2

0 0.704926 0.66723 0.397331 0.619542 0.725172 12
0 0.928213 0.629574 0.143573 0.501117 0.487387 8
56 0.780865 0.882243 0.359187 0.234512 0.760561 11
56 0.459458 0.781957 0.172673 0.271749 0.812961 13
56 0.809701 0.731572 0.180983 0.0849395 0.544452 15
0 0.114319 0.608573 0.183744 0.479892 0.629268 16

0 0.758725 0.601297 0.320885 0.489276 0.711728 12
56 0.811758 0.885531 0.351194 0.228009 0.485592 11
56 0.497264 0.759207 0.146705 0.221292 0.423692 13
56 0.853629 0.737958 0.183612 0.0861844 0.41308 15

0 0.801041 0.571046 0.291787 0.435978 0.595909 12
56 0.828882 0.886576 0.342236 0.225913 0.506474 11
56 0.529234 0.750056 0.138595 0.201507 0.563147 13
56 0.893286 0.7408 0.189825 0.0890617 0.475151 15
0 0.168089 0.593788 0.170984 0.438954 0.591427 16

0 0.810742 0.644696 0.378516 0.577728 0.854162 12
56 0.838209 0.889283 0.323583 0.220482 0.61567 11
56 0.55252 0.801643 0.202274 0.299804 0.837785 13
56 0.911887 0.748814 0.176225 0.087342 0.483153 15
0 0.117488 0.514904 0.220971 0.97017 0.746926 20
0 0.191457 0.59323 0.172914 0.43439 0.84212 16

0 0.807073 0.667586 0.385855 0.62054 0.869469 12
56 0.840815 0.889172 0.31837 0.220668 0.592524 11
56 0.562223 0.815184 0.221188 0.33444 0.832108 13
0 0.119418 0.51136 0.222919 0.977275 0.764936 20
0 0.198461 0.591988 0.175135 0.429447 0.846963 16
63 0.274838 0.895047 0.204082 0.209689 0.854196 22

0 0.803953 0.673326 0.392094 0.643416 0.865124 12
56 0.840654 0.887463 0.318691 0.224064 0.582066 11
56 0.563937 0.813461 0.220567 0.337617 0.826525 13
0 0.161433 0.517576 0.223718 0.964847 0.557037 20
0 0.198353 0.585135 0.177024 0.421992 0.870832 16
63 0.280416 0.88358 0.225957 0.23279 0.641208 22

0 0.802633 0.675658 0.394734 0.648684 0.874381 12
56 0.840571 0.886868 0.318858 0.225418 0.649365 11
56 0.56299 0.805952 0.211258 0.325604 0.773871 13
0 0.160693 0.523605 0.224258 0.952789 0.630404 20
0 0.197133 0.584546 0.181274 0.420147 0.868909 16
63 0.277591 0.869196 0.253579 0.261608 0.535812 22

0 0.801145 0.673339 0.397711 0.653323 0.869811 12
56 0.840613 0.886656 0.318775 0.225843 0.601496 11
56 0.561275 0.798961 0.20737 0.322868 0.796541 13
0 0.197469 0.524783 0.231987 0.949481 0.700081 20
0 0.196973 0.587454 0.18919 0.428023 0.846393 16

0 0.800562 0.673206 0.398876 0.653588 0.877523 12
56 0.840634 0.886717 0.318732 0.225731 0.686602 11
56 0.558604 0.795496 0.200246 0.314303 0.675418 13
0 0.197033 0.526593 0.238741 0.945556 0.67686 20
0 0.197118 0.573219 0.181063 0.395451 0.844276 16
0 0.218026 0.751863 0.436052 0.492124 0.808417 22

0 0.799865 0.671066 0.40027 0.657867 0.885884 12
56 0.839191 0.884627 0.321618 0.229925 0.675377 11
0 0.197389 0.552086 0.170348 0.356586 0.811283 16
0 0.227121 0.726309 0.454242 0.538052 0.810577 22

0 0.183483 0.70709 0.366966 0.583799 0.94232 1
0 0.44232 0.894217 0.164924 0.210161 0.871528 2

0 0.799449 0.671531 0.401101 0.656938 0.881214 12
56 0.840726 0.886688 0.318549 0.225737 0.68259 11
0 0.199126 0.539371 0.163759 0.327014 0.7677 16
0 0.233145 0.717584 0.46629 0.553889 0.725721 22

0 0.799673 0.672142 0.400654 0.655715 0.879961 12
56 0.84031 0.886037 0.31938 0.22704 0.617917 11
0 0.200096 0.52784 0.159782 0.303751 0.749034 16
0 0.238461 0.714734 0.476922 0.559329 0.756735 22

0 0.799437 0.672296 0.401126 0.655409 0.860492 12
56 0.840709 0.886485 0.318582 0.226159 0.432238 11
0 0.199995 0.521391 0.159198 0.288468 0.550466 16
0 0.242175 0.713028 0.48435 0.563531 0.815917 22

0 0.79888 0.671153 0.40224 0.657694 0.864 12
56 0.839912 0.885202 0.320176 0.228702 0.739674 11
0 0.201144 0.515471 0.161475 0.279535 0.714964 16
0 0.251677 0.711428 0.503353 0.567951 0.737398 22

0 0.799094 0.670251 0.401812 0.659498 0.875492 12
56 0.840303 0.885631 0.319394 0.227819 0.649884 11
0 0.200531 0.511695 0.164208 0.272088 0.713638 16
0 0.27874 0.713506 0.533494 0.565026 0.740834 22
56 0.538729 0.814165 0.195069 0.269686 0.545507 24

0 0.799329 0.671012 0.401341 0.657977 0.866135 12
56 0.840901 0.886552 0.318197 0.225927 0.574451 11
0 0.19985 0.511035 0.169888 0.27098 0.733425 16
0 0.293673 0.715761 0.53813 0.561328 0.715556 22
56 0.538411 0.809943 0.196654 0.272315 0.489243 24
67 0.483929 0.545329 0.114912 0.280383 0.726879 25

0 0.799289 0.670506 0.401423 0.658988 0.833471 12
56 0.840561 0.885798 0.318877 0.227502 0.613098 11
0 0.198323 0.509003 0.173235 0.266451 0.725461 16
0 0.288356 0.713506 0.54624 0.565973 0.634239 22
56 0.538183 0.803644 0.204583 0.284243 0.821924 24
67 0.474914 0.536816 0.114949 0.280504 0.846683 25

0 0.799074 0.669897 0.401852 0.659416 0.803253 12
56 0.840177 0.885112 0.319645 0.228925 0.717915 11
0 0.198096 0.507316 0.177591 0.26407 0.7779 16
0 0.26479 0.714373 0.529581 0.564195 0.63891 22
56 0.540277 0.808435 0.22446 0.314684 0.837419 24
67 0.466373 0.526536 0.114059 0.278021 0.801262 25

0 0.799466 0.671095 0.401067 0.654603 0.86799 12
56 0.840462 0.885739 0.319077 0.227767 0.590998 11
0 0.197328 0.508327 0.183146 0.264382 0.728882 16
0 0.25445 0.716537 0.5089 0.560403 0.622651 22
56 0.539836 0.8 0.217302 0.306933 0.844605 24
67 0.458761 0.521745 0.114641 0.279088 0.801413 25

0 0.798966 0.669839 0.402069 0.658328 0.863985 12
56 0.840889 0.886111 0.318221 0.226948 0.652802 11
0 0.196011 0.507124 0.186707 0.262197 0.67818 16
0 0.248617 0.718732 0.497234 0.556992 0.695342 22
56 0.53987 0.803087 0.223534 0.319461 0.843197 24
67 0.45466 0.518426 0.115395 0.28028 0.782701 25

0 0.183328 0.70588 0.366656 0.586227 0.943239 1
0 0.441054 0.894244 0.165605 0.210107 0.864926 2

0 0.798173 0.669286 0.403655 0.661428 0.866965 12
56 0.840738 0.885698 0.318523 0.227742 0.7466 11
0 0.195287 0.505604 0.189495 0.259552 0.59358 16
0 0.245122 0.720897 0.490244 0.553302 0.709002 22
56 0.539744 0.80823 0.229659 0.333082 0.837246 24
67 0.451391 0.5129 0.115584 0.27946 0.719679 25

0 0.79821 0.668904 0.40358 0.662192 0.859547 12
56 0.840716 0.885499 0.318569 0.228091 0.622381 11
0 0.194561 0.505219 0.192756 0.258185 0.662861 16
0 0.245145 0.721205 0.490289 0.552959 0.695827 22
56 0.540053 0.800912 0.219413 0.321931 0.852306 24
67 0.447751 0.509854 0.116892 0.281166 0.711695 25

0 0.798301 0.668421 0.403398 0.663158 0.871282 12
56 0.841342 0.886416 0.317316 0.226221 0.58705 11
0 0.194679 0.50584 0.196764 0.2581 0.491087 16
0 0.243542 0.722338 0.487084 0.551279 0.656979 22
56 0.53891 0.810519 0.224362 0.334619 0.831395 24
67 0.446021 0.509254 0.118112 0.282596 0.744503 25

0 0.798418 0.668544 0.403164 0.662911 0.835148 12
56 0.841283 0.886185 0.317435 0.226713 0.500464 11
0 0.193722 0.505187 0.200183 0.257662 0.696859 16
0 0.242956 0.722892 0.485911 0.550605 0.705315 22
56 0.539441 0.803964 0.215776 0.325959 0.834484 24
67 0.443935 0.506584 0.119458 0.283955 0.80994 25

0 0.797944 0.66786 0.404112 0.661023 0.812596 12
56 0.841014 0.885997 0.317972 0.227177 0.562186 11
0 0.193168 0.504888 0.202736 0.256854 0.595046 16
0 0.241425 0.722157 0.482849 0.552079 0.76256 22
56 0.539165 0.801912 0.211714 0.324459 0.831354 24
67 0.443113 0.506194 0.120748 0.284883 0.744959 25

0 0.798138 0.667534 0.403723 0.660357 0.850478 12
56 0.841119 0.885879 0.317762 0.227086 0.649638 11
0 0.192868 0.504821 0.206167 0.257379 0.66243 16
0 0.240368 0.723688 0.480736 0.549215 0.749291 22
56 0.539409 0.79882 0.205193 0.318451 0.848304 24
67 0.443015 0.506379 0.121886 0.285532 0.760323 25

0 0.79843 0.669917 0.403139 0.657111 0.793691 12
56 0.841011 0.885892 0.317977 0.227192 0.55703 11
0 0.191966 0.505 0.208629 0.257218 0.650195 16
0 0.240251 0.723134 0.480501 0.550646 0.742879 22
56 0.538328 0.805942 0.210191 0.331136 0.827745 24
67 0.442089 0.506348 0.122969 0.286205 0.801342 25

0 0.798233 0.672749 0.401092 0.651504 0.836553 12
56 0.841226 0.886289 0.317547 0.226451 0.519576 11
0 0.192035 0.506772 0.212243 0.258807 0.606443 16
0 0.237134 0.726108 0.474267 0.544996 0.793332 22
56 0.538894 0.798744 0.198646 0.315702 0.822628 24
67 0.440623 0.51237 0.123911 0.287063 0.756844 25

0 0.798431 0.674309 0.40018 0.649903 0.797367 12
56 0.840845 0.88585 0.318311 0.227374 0.582291 11
0 0.193474 0.509019 0.216385 0.260853 0.587063 16
0 0.236483 0.727132 0.472965 0.542858 0.76686 22
56 0.538086 0.794745 0.19094 0.305463 0.834201 24
67 0.440515 0.518837 0.12425 0.286301 0.797513 25

0 0.798323 0.676463 0.398277 0.647073 0.793091 12
56 0.841033 0.885988 0.317935 0.227125 0.55345 11
0 0.195435 0.512331 0.223588 0.267235 0.724565 16
0 0.235358 0.7282 0.470717 0.540829 0.732514 22
56 0.538342 0.799129 0.191312 0.30857 0.783681 24
67 0.441173 0.525746 0.125659 0.288318 0.812576 25
0 0.819357 0.563162 0.344285 0.420685 0.581776 27

0 0.182429 0.706209 0.364858 0.585553 0.941245 1
0 0.441523 0.894959 0.165563 0.208649 0.850803 2

0 0.79602 0.677556 0.395588 0.642458 0.872976 12
56 0.841099 0.886312 0.317656 0.226456 0.653061 11
0 0.195784 0.513741 0.227079 0.269518 0.693923 16
0 0.235761 0.72691 0.471522 0.543643 0.779915 22
56 0.536649 0.809423 0.199438 0.325952 0.806313 24
67 0.440722 0.530117 0.12657 0.289897 0.826945 25
56 0.910554 0.744208 0.178892 0.090543 0.607109 28

0 0.79379 0.678669 0.393752 0.640358 0.85198 12
56 0.840946 0.886737 0.316509 0.225547 0.707337 11
0 0.196132 0.518546 0.234517 0.277531 0.757989 16
0 0.232393 0.727971 0.464787 0.541032 0.796876 22
56 0.536778 0.802221 0.188393 0.309392 0.620962 24
67 0.43567 0.550489 0.124931 0.288672 0.627748 25
56 0.910395 0.744711 0.179211 0.0907436 0.587502 28

0 0.792727 0.679432 0.392577 0.639364 0.828702 12
56 0.840961 0.887184 0.315594 0.224749 0.732392 11
0 0.196854 0.524647 0.243793 0.289288 0.794355 16
0 0.221306 0.729266 0.442612 0.538586 0.832234 22
56 0.53621 0.807905 0.197252 0.328216 0.730633 24
63 0.430325 0.574009 0.121618 0.284262 0.42925 25
56 0.910694 0.745514 0.178611 0.0903706 0.685675 28
0 0.818549 0.568166 0.342195 0.41849 0.647984 27

0 0.792834 0.67964 0.391848 0.638289 0.815514 12
56 0.840968 0.887004 0.316164 0.225127 0.693751 11
0 0.195605 0.547605 0.274503 0.330962 0.82023 16
0 0.208649 0.727944 0.417298 0.540128 0.858017 22
56 0.536653 0.797944 0.185394 0.309375 0.848936 24
56 0.910635 0.745065 0.17873 0.0910358 0.649164 28

0 0.794526 0.679889 0.393094 0.639838 0.793659 12
56 0.840958 0.886852 0.316612 0.22545 0.698653 11
0 0.193676 0.580561 0.32015 0.397539 0.746965 16
0 0.19909 0.730862 0.398179 0.534449 0.663661 22
56 0.537547 0.794005 0.180756 0.303379 0.888286 24
56 0.910989 0.745113 0.178021 0.0903734 0.587362 28
0 0.820337 0.571129 0.346875 0.424327 0.60664 27

0 0.795959 0.680114 0.39404 0.639772 0.850198 12
56 0.840928 0.88721 0.315699 0.224689 0.709508 11
0 0.191382 0.59066 0.326021 0.414344 0.801354 16
0 0.187076 0.734949 0.374152 0.527705 0.693538 22
56 0.537437 0.794674 0.181333 0.306299 0.887426 24
56 0.909971 0.7456 0.180059 0.0934471 0.614339 28

0 0.796693 0.678999 0.396395 0.642001 0.8705 12
56 0.840869 0.886585 0.317316 0.225937 0.721697 11
0 0.189154 0.59041 0.322169 0.4175 0.544355 16
0 0.163425 0.734693 0.32685 0.528648 0.639575 22
56 0.537901 0.791872 0.176859 0.29951 0.902303 24
56 0.91113 0.743553 0.17774 0.0905834 0.580013 28

0 0.796913 0.678563 0.39779 0.642875 0.826647 12
56 0.840835 0.887071 0.316211 0.225044 0.634058 11
0 0.188246 0.5922 0.317076 0.418221 0.675431 16
0 0.152092 0.736585 0.304185 0.525125 0.709366 22
56 0.537822 0.794837 0.178419 0.30338 0.89191 24
56 0.910983 0.743486 0.178034 0.0909884 0.582737 28

0 0.796903 0.677956 0.397817 0.642122 0.790302 12
56 0.840843 0.887389 0.31553 0.224435 0.731721 11
0 0.18844 0.594284 0.31369 0.421044 0.632576 16
0 0.145471 0.735742 0.290942 0.526787 0.742609 22
56 0.537796 0.794225 0.17729 0.302661 0.900006 24
56 0.911572 0.74442 0.176857 0.0899869 0.548577 28
56 0.204242 0.852295 0.21414 0.294432 0.532597 29

0 0.796973 0.676446 0.398657 0.642556 0.782187 12
56 0.840693 0.886914 0.316902 0.225447 0.662728 11
0 0.188288 0.592874 0.308242 0.420344 0.650906 16
0 0.138448 0.735108 0.276897 0.528039 0.755931 22
56 0.538072 0.791871 0.174448 0.298346 0.891543 24
56 0.910919 0.744305 0.178161 0.0915929 0.485274 28
56 0.20398 0.853607 0.211765 0.291428 0.602118 29

0 0.180834 0.708682 0.361669 0.58054 0.951234 1
0 0.439452 0.895787 0.165926 0.207199 0.851668 2

0 0.796285 0.675594 0.402145 0.647371 0.850116 12
56 0.840647 0.887085 0.316451 0.225035 0.629368 11
0 0.188262 0.594293 0.305405 0.422843 0.741251 16
0 0.133344 0.736801 0.266689 0.524539 0.739947 22
56 0.536774 0.793203 0.177826 0.305493 0.848599 24
56 0.910843 0.745341 0.178314 0.0926691 0.54184 28
56 0.204705 0.85441 0.21024 0.28927 0.497179 29

0 0.796341 0.675421 0.403468 0.648875 0.872676 12
56 0.84055 0.88743 0.315693 0.224332 0.611654 11
0 0.188098 0.594885 0.300525 0.421672 0.768293 16
0 0.128389 0.738021 0.256778 0.521932 0.758723 22
56 0.537362 0.801119 0.182466 0.316279 0.882369 24
56 0.911442 0.745954 0.177115 0.0909415 0.505562 28
56 0.202533 0.853837 0.211112 0.290461 0.555933 29

0 0.796013 0.673459 0.4062 0.653083 0.873511 12
56 0.84051 0.886884 0.317155 0.225402 0.708666 11
0 0.187733 0.592468 0.295875 0.420169 0.657327 16
0 0.125191 0.736412 0.250382 0.525107 0.744162 22
56 0.536965 0.801214 0.181359 0.316614 0.87008 24
56 0.911671 0.745047 0.176657 0.090454 0.457816 28
56 0.200693 0.852533 0.212871 0.293111 0.536332 29

0 0.796391 0.673797 0.405909 0.652405 0.867694 12
56 0.840575 0.887279 0.316174 0.224604 0.656324 11
0 0.188028 0.593515 0.292926 0.42075 0.665011 16
0 0.121886 0.736544 0.243771 0.525064 0.717093 22
56 0.536508 0.799419 0.178114 0.312029 0.867076 24
56 0.20132 0.851796 0.214052 0.294792 0.489438 29

0 0.794295 0.673225 0.407208 0.65355 0.846833 12
56 0.84033 0.887047 0.316876 0.225039 0.696423 11
0 0.18794 0.59285 0.28895 0.419044 0.740839 16
0 0.119157 0.736415 0.238314 0.525494 0.741509 22
56 0.536911 0.798077 0.176264 0.310259 0.853581 24
56 0.200792 0.851832 0.213625 0.294542 0.493101 29
56 0.911627 0.745092 0.175749 0.089897 0.510986 28

0 0.794305 0.672332 0.408324 0.655107 0.834903 12
56 0.840435 0.886945 0.317145 0.225221 0.63605 11
0 0.18789 0.593591 0.28664 0.419844 0.815823 16
0 0.116886 0.736104 0.233773 0.525874 0.739537 22
56 0.536548 0.798116 0.175777 0.310788 0.868218 24
56 0.203112 0.853322 0.211657 0.292259 0.521612 29

0 0.794636 0.671214 0.409786 0.657471 0.850009 12
56 0.840402 0.886673 0.317844 0.22577 0.589166 11
0 0.188424 0.59282 0.28432 0.420325 0.802543 16
0 0.11531 0.735631 0.23062 0.526774 0.730365 22
56 0.53681 0.796697 0.173338 0.307342 0.889498 24
56 0.202905 0.853767 0.21077 0.291899 0.606455 29

0 0.795599 0.672484 0.408277 0.655031 0.865508 12
56 0.840701 0.888217 0.313741 0.2224 0.688971 11
0 0.188459 0.594888 0.281351 0.41931 0.785103 16
0 0.113123 0.737036 0.226245 0.523936 0.744225 22
56 0.537042 0.799172 0.173862 0.309374 0.876843 24
56 0.206082 0.855475 0.208661 0.28853 0.527045 29

0 0.795021 0.67006 0.409957 0.659522 0.873606 12
56 0.840614 0.886064 0.318771 0.226643 0.541046 11
0 0.188189 0.592134 0.278976 0.418871 0.783888 16
0 0.110964 0.736691 0.221928 0.52451 0.7626 22
56 0.536723 0.795459 0.171938 0.306218 0.892063 24
56 0.203496 0.853987 0.209738 0.2912 0.575447 29

0 0.795481 0.671053 0.409037 0.657865 0.880267 12
56 0.840671 0.887405 0.316071 0.224207 0.661989 11
0 0.188395 0.594072 0.276342 0.417407 0.764317 16
0 0.109402 0.737797 0.218805 0.522244 0.75188 22
56 0.536798 0.796701 0.171525 0.306068 0.875287 24
56 0.203624 0.854411 0.209207 0.289841 0.5018 29

0 0.17986 0.70915 0.35972 0.57961 0.949441 1
0 0.435542 0.894578 0.169408 0.209689 0.867276 2

0 0.795742 0.671925 0.40848 0.656151 0.86601 12
56 0.840584 0.887644 0.315671 0.223788 0.664504 11
0 0.1883 0.593814 0.273504 0.414925 0.779615 16
0 0.106292 0.74557 0.212583 0.506336 0.523193 22
56 0.536703 0.802518 0.17638 0.316534 0.858705 24
56 0.203515 0.855008 0.20819 0.288151 0.498153 29
56 0.329942 0.697968 0.0845768 0.171316 0.537899 30

0 0.795147 0.670163 0.409705 0.659674 0.876044 12
56 0.840569 0.887229 0.316865 0.224666 0.718505 11
0 0.190314 0.587491 0.267133 0.406815 0.695074 16
0 0.115581 0.741866 0.231162 0.514252 0.738295 22
56 0.536481 0.797376 0.171186 0.306977 0.890949 24
56 0.329877 0.695277 0.0849956 0.172087 0.558823 30

0 0.795668 0.671718 0.40853 0.656564 0.864568 12
56 0.84056 0.887732 0.315673 0.223659 0.672661 11
0 0.139927 0.740672 0.248905 0.516305 0.823696 22
56 0.536394 0.800836 0.173733 0.312641 0.863929 24

0 0.795608 0.670907 0.408785 0.658185 0.876757 12
56 0.840697 0.887244 0.316975 0.224665 0.713749 11
0 0.168202 0.738542 0.260996 0.519773 0.761914 22
56 0.536692 0.802553 0.176695 0.319473 0.853661 24
0 0.166291 0.566702 0.235784 0.363022 0.755565 16

0 0.795603 0.670535 0.408794 0.658644 0.86626 12
56 0.840663 0.886999 0.317302 0.224878 0.517852 11
0 0.191977 0.739712 0.27359 0.517811 0.718947 22
56 0.536861 0.797402 0.171936 0.311032 0.857083 24
0 0.172437 0.562438 0.230063 0.352233 0.846939 16

0 0.79534 0.669452 0.40932 0.66087 0.881366 12
56 0.840679 0.886844 0.31785 0.225356 0.682988 11
0 0.213779 0.738416 0.290688 0.520499 0.63294 22
56 0.536134 0.792588 0.167064 0.301411 0.873124 24
0 0.180424 0.560598 0.23291 0.352801 0.566525 16

0 0.795885 0.669867 0.40823 0.658388 0.882519 12
56 0.840846 0.887578 0.315718 0.223658 0.713093 11
0 0.226496 0.738898 0.306054 0.519736 0.604924 22
56 0.536402 0.799374 0.173698 0.314693 0.810733 24

0 0.796131 0.670208 0.407737 0.658189 0.87097 12
56 0.840609 0.887132 0.317178 0.224748 0.692667 11
0 0.238123 0.740973 0.320444 0.515637 0.479849 22
56 0.535879 0.79817 0.170543 0.308761 0.76667 24

0 0.795538 0.669528 0.408924 0.66043 0.85305 12
56 0.840758 0.886935 0.317414 0.224939 0.607521 11
0 0.246904 0.744051 0.333799 0.509785 0.438181 22
56 0.535515 0.798364 0.171446 0.310677 0.806288 24

0 0.795845 0.670896 0.407542 0.65712 0.845361 12
56 0.840631 0.887624 0.315978 0.223772 0.744921 11
0 0.252496 0.749692 0.343514 0.498519 0.4101 22
56 0.536355 0.801466 0.172668 0.313347 0.815708 24

0 0.176672 0.71267 0.353345 0.572438 0.937646 1
0 0.429647 0.895994 0.169865 0.207082 0.851878 2

0 0.795926 0.670631 0.408147 0.658374 0.862608 12
56 0.840654 0.88731 0.31689 0.22446 0.671375 11
56 0.537056 0.794918 0.164974 0.297992 0.838308 24
39 0.449065 0.388886 0.111681 0.343166 0.548138 31

0 0.796082 0.670081 0.407836 0.659137 0.867462 12
56 0.840661 0.886635 0.31831 0.225576 0.672702 11
56 0.536854 0.790717 0.164393 0.296049 0.849701 24
39 0.453122 0.381307 0.111843 0.34321 0.500866 31
0 0.1874 0.545328 0.219275 0.323412 0.692787 16

0 0.796541 0.670098 0.406918 0.656865 0.866696 12
56 0.840659 0.887158 0.317132 0.224706 0.699942 11
56 0.536031 0.799295 0.17356 0.314107 0.784856 24
39 0.455583 0.378923 0.112384 0.344176 0.538118 31
0 0.188409 0.544915 0.222375 0.320943 0.60929 16

0 0.796213 0.67032 0.406814 0.656555 0.854309 12
56 0.840412 0.887325 0.316888 0.224459 0.625187 11
56 0.535932 0.799515 0.172797 0.313243 0.751745 24
39 0.456072 0.376239 0.112339 0.343099 0.558685 31
0 0.189053 0.542855 0.223475 0.316037 0.458354 16

0 0.796083 0.669763 0.406723 0.656293 0.869884 12
56 0.840717 0.886862 0.317722 0.225129 0.617458 11
56 0.535612 0.796825 0.170181 0.308218 0.804665 24
39 0.455226 0.375548 0.113212 0.344886 0.55077 31
0 0.188748 0.541872 0.226433 0.315498 0.453529 16

0 0.796092 0.66996 0.407711 0.658067 0.862614 12
56 0.840701 0.887186 0.316794 0.224367 0.720957 11
56 0.535538 0.801879 0.174379 0.316699 0.78862 24
39 0.45254 0.382464 0.119241 0.363571 0.496504 31
0 0.189197 0.542225 0.229793 0.316181 0.426344 16

0 0.796187 0.669618 0.407627 0.658352 0.873164 12
56 0.840426 0.886983 0.317636 0.224996 0.711623 11
56 0.535273 0.805861 0.180456 0.329957 0.789932 24
39 0.450922 0.380701 0.120264 0.366688 0.453288 31
0 0.188414 0.541371 0.231153 0.314371 0.452793 16

0 0.79607 0.669541 0.407335 0.657579 0.86949 12
56 0.840754 0.887151 0.316985 0.224513 0.702583 11
56 0.535654 0.807108 0.179737 0.33044 0.822835 24
39 0.448736 0.379338 0.120821 0.368135 0.51452 31
0 0.187855 0.542199 0.232915 0.313582 0.540758 16

0 0.795865 0.669956 0.407403 0.657576 0.870339 12
56 0.840675 0.886745 0.31792 0.225241 0.659926 11
56 0.535828 0.799929 0.172857 0.317653 0.812598 24
0 0.187249 0.541311 0.234303 0.312697 0.583703 16

0 0.796045 0.670102 0.407904 0.658631 0.875698 12
56 0.84078 0.886763 0.317804 0.225177 0.719203 11
56 0.536057 0.796664 0.168609 0.309234 0.875501 24
0 0.186962 0.541619 0.235629 0.311854 0.626841 16

0 0.185548 0.708845 0.367681 0.580424 0.951738 1
0 0.441423 0.890565 0.166502 0.217628 0.884576 2

0 0.172981 0.714358 0.345963 0.569216 0.944658 1
0 0.423539 0.895461 0.173565 0.208047 0.87358 2

0 0.795887 0.670582 0.407424 0.657842 0.856221 12
56 0.840802 0.886912 0.31741 0.224896 0.698022 11
56 0.536092 0.794515 0.166378 0.304728 0.81853 24
0 0.187347 0.541725 0.23698 0.311403 0.553929 16

0 0.795972 0.669944 0.406953 0.657048 0.866015 12
56 0.840521 0.887237 0.317015 0.224562 0.619036 11
56 0.536414 0.799453 0.171076 0.314069 0.781679 24
0 0.187259 0.541863 0.238132 0.310726 0.519599 16
39 0.447545 0.37605 0.121961 0.371498 0.500317 31

0 0.795065 0.669484 0.407675 0.657916 0.840288 12
56 0.840436 0.887018 0.317586 0.22501 0.632284 11
56 0.535946 0.795125 0.168597 0.308984 0.693037 24
0 0.187328 0.541355 0.239365 0.310498 0.623853 16
39 0.447531 0.373365 0.121161 0.369416 0.468933 31

0 0.795563 0.669652 0.407534 0.65763 0.869182 12
56 0.840756 0.887247 0.316708 0.224329 0.597961 11
56 0.535756 0.796515 0.168565 0.308304 0.805089 24
0 0.187413 0.54242 0.241574 0.311833 0.581534 16
39 0.447096 0.372619 0.120955 0.369314 0.467261 31

0 0.796074 0.669782 0.407851 0.658422 0.86392 12
56 0.840786 0.887038 0.317186 0.224674 0.690739 11
56 0.536082 0.793181 0.165785 0.302241 0.833414 24
0 0.186823 0.5452 0.247713 0.319937 0.733306 16
39 0.439539 0.380925 0.122418 0.37384 0.521259 31

0 0.796185 0.670311 0.407333 0.657524 0.85634 12
56 0.840935 0.887729 0.315449 0.223263 0.650133 11
56 0.536591 0.796295 0.167781 0.305846 0.789464 24
0 0.187716 0.553107 0.259877 0.337518 0.75594 16

0 0.796039 0.67091 0.405193 0.653792 0.815614 12
56 0.840892 0.88708 0.317136 0.224527 0.624868 11
56 0.536241 0.799226 0.171131 0.312458 0.831845 24
0 0.185788 0.554136 0.264252 0.346393 0.870191 16

0 0.795852 0.670943 0.406928 0.65655 0.867014 12
56 0.840556 0.887036 0.317644 0.22492 0.669048 11
56 0.536467 0.795344 0.166845 0.30443 0.885667 24
0 0.171961 0.554269 0.258721 0.346432 0.840435 16

0 0.795232 0.670543 0.408125 0.658414 0.854107 12
56 0.840835 0.887235 0.316882 0.224343 0.621987 11
56 0.535369 0.798838 0.170328 0.311213 0.872895 24
0 0.199677 0.556758 0.399354 0.696431 0.626898 16
56 0.329068 0.697105 0.0847725 0.169289 0.534608 30

0 0.795381 0.670001 0.408937 0.659898 0.844863 12
56 0.840786 0.886851 0.317749 0.225023 0.724119 11
56 0.536211 0.799013 0.170321 0.311568 0.884637 24
56 0.329726 0.694975 0.084102 0.168073 0.54873 30

0 0.169537 0.71362 0.339074 0.570737 0.951254 1
0 0.420115 0.894938 0.177866 0.20904 0.890803 2

0 0.795596 0.670647 0.408223 0.658706 0.874125 12
56 0.840806 0.887285 0.316675 0.224165 0.594919 11
56 0.536098 0.804179 0.174284 0.32015 0.840285 24
56 0.330702 0.695167 0.0842656 0.167891 0.54744 30
56 0.202925 0.855077 0.209608 0.288447 0.51997 29
0 0.177954 0.581963 0.355908 0.518658 0.86406 16

0 0.795429 0.670343 0.40853 0.659268 0.858721 12
56 0.840444 0.887183 0.317294 0.224608 0.572238 11
56 0.536081 0.798043 0.169042 0.309927 0.878006 24
56 0.329888 0.695441 0.0854229 0.170634 0.458348 30
0 0.0916182 0.740261 0.183236 0.517184 0.771123 34
56 0.199657 0.854437 0.210356 0.290236 0.529888 29
0 0.183484 0.589236 0.305864 0.444655 0.801001 16

0 0.79539 0.670367 0.408532 0.659267 0.86732 12
56 0.840525 0.887392 0.316967 0.22435 0.669014 11
56 0.536284 0.802932 0.173659 0.319934 0.861632 24
0 0.0918477 0.742267 0.182312 0.513153 0.756522 34
56 0.200768 0.853724 0.21373 0.291744 0.455631 29
0 0.185074 0.592744 0.289846 0.426227 0.842973 16

0 0.795128 0.67055 0.408401 0.6589 0.856762 12
56 0.84073 0.887434 0.316559 0.223998 0.599898 11
56 0.536376 0.807151 0.177113 0.328558 0.830557 24
0 0.0907733 0.743515 0.181468 0.510837 0.720838 34
56 0.197476 0.853774 0.213872 0.291117 0.474455 29
0 0.184765 0.592441 0.281845 0.417486 0.864838 16
56 0.330294 0.69497 0.0849353 0.169784 0.51717 30

0 0.794969 0.67017 0.408878 0.65966 0.860727 12
56 0.840633 0.887327 0.317 0.22433 0.719413 11
56 0.536583 0.797427 0.16696 0.308543 0.909079 24
0 0.0900245 0.740688 0.180049 0.517041 0.714687 34
56 0.19138 0.853126 0.215634 0.292602 0.437294 29
0 0.182724 0.592224 0.279153 0.415744 0.797752 16
56 0.329853 0.694786 0.0849279 0.169642 0.639322 30

0 0.795047 0.670301 0.408721 0.659397 0.870189 12
56 0.840878 0.886985 0.317591 0.224837 0.678553 11
56 0.536338 0.797114 0.166466 0.307249 0.859502 24
0 0.0874111 0.744008 0.174822 0.510173 0.575262 34
56 0.183585 0.852816 0.216664 0.29364 0.476188 29
0 0.180614 0.590917 0.277189 0.413676 0.766344 16
56 0.330197 0.695789 0.085621 0.170916 0.52532 30

0 0.795536 0.670861 0.407977 0.658278 0.83454 12
56 0.840757 0.887061 0.317303 0.224618 0.696988 11
56 0.536653 0.79835 0.167984 0.310023 0.873667 24
0 0.0841206 0.748523 0.168241 0.501142 0.585393 34
56 0.170394 0.852339 0.215583 0.294689 0.435321 29
0 0.177859 0.590922 0.277985 0.414981 0.835985 16
56 0.330177 0.695604 0.0854404 0.171 0.576129 30

0 0.795386 0.671922 0.404316 0.651611 0.798845 12
56 0.840905 0.887135 0.317126 0.224494 0.626037 11
56 0.536986 0.797928 0.167721 0.309559 0.86363 24
0 0.0831113 0.754309 0.166223 0.489955 0.525374 34
56 0.176445 0.85261 0.219608 0.292942 0.479574 29
0 0.177022 0.591233 0.279119 0.416603 0.843629 16
56 0.329766 0.696682 0.0862735 0.172338 0.505014 30

0 0.794873 0.670941 0.407351 0.656399 0.851833 12
56 0.840709 0.886523 0.318582 0.225703 0.661597 11
56 0.536525 0.79508 0.165047 0.304055 0.881929 24
0 0.0820496 0.760721 0.164099 0.477568 0.483057 34
56 0.174982 0.853449 0.222657 0.291423 0.500657 29
0 0.175115 0.589713 0.278537 0.41514 0.823251 16

0 0.794872 0.670079 0.408765 0.658757 0.841324 12
56 0.840608 0.886397 0.318783 0.226233 0.693772 11
56 0.536283 0.797743 0.16797 0.309782 0.874339 24
0 0.0831611 0.766249 0.163892 0.467172 0.489422 34
56 0.175747 0.852805 0.228071 0.292307 0.515788 29
0 0.174376 0.588817 0.280295 0.417542 0.850276 16

0 0.164951 0.710145 0.329902 0.577738 0.9519 1
0 0.412717 0.895766 0.180877 0.207337 0.921408 2

0 0.795369 0.670337 0.408835 0.658966 0.87052 12
56 0.840985 0.887137 0.316872 0.224566 0.50267 11
56 0.536608 0.795743 0.16549 0.304733 0.907214 24
0 0.0828763 0.769384 0.162069 0.461211 0.574873 34
0 0.174088 0.590429 0.281272 0.418912 0.825462 16

0 0.795194 0.669172 0.409613 0.661569 0.87305 12
56 0.840309 0.885953 0.319382 0.227143 0.632308 11
56 0.536167 0.793191 0.16528 0.303785 0.887006 24
0 0.0816967 0.769086 0.162134 0.461627 0.532348 34
0 0.174168 0.589194 0.281454 0.41904 0.864896 16

0 0.7952 0.668684 0.409599 0.662007 0.886853 12
56 0.840387 0.886236 0.319226 0.226664 0.545924 11
56 0.536263 0.798019 0.169493 0.31197 0.843988 24
0 0.0809469 0.768479 0.161894 0.462493 0.527247 34
0 0.174169 0.588975 0.280862 0.417954 0.826427 16

0 0.794855 0.669497 0.409634 0.660811 0.85944 12
56 0.840308 0.886786 0.317761 0.225559 0.610539 11
56 0.536662 0.795201 0.165889 0.304887 0.899007 24
0 0.0818511 0.765783 0.163702 0.467796 0.473458 34
0 0.175153 0.590064 0.281141 0.418235 0.837469 16

0 0.794805 0.668813 0.409816 0.661115 0.873511 12
56 0.840518 0.886365 0.318467 0.226149 0.607694 11
56 0.536524 0.803034 0.173945 0.321301 0.842238 24
0 0.0815338 0.763222 0.163068 0.472796 0.556203 34
0 0.175088 0.589863 0.281752 0.419153 0.859503 16

0 0.794609 0.668558 0.41041 0.662218 0.871711 12
56 0.840599 0.88642 0.318327 0.226148 0.653625 11
56 0.536754 0.802417 0.17252 0.319318 0.861364 24
0 0.0818574 0.760403 0.163715 0.477822 0.462898 34
0 0.17566 0.58953 0.282059 0.419821 0.822548 16

0 0.79455 0.669626 0.409222 0.659938 0.84311 12
56 0.840601 0.886816 0.317152 0.225209 0.645413 11
56 0.536861 0.80535 0.174175 0.323684 0.855577 24
0 0.0828084 0.760173 0.165617 0.47832 0.558232 34
0 0.17548 0.591022 0.281537 0.419074 0.785324 16

0 0.795111 0.6692 0.409778 0.661332 0.854403 12
56 0.840535 0.886773 0.317232 0.225223 0.62304 11
56 0.536945 0.802249 0.171895 0.319838 0.866097 24
0 0.102467 0.75785 0.173351 0.483849 0.586931 34
0 0.17514 0.589117 0.280779 0.41768 0.801372 16

0 0.795141 0.669939 0.40913 0.660056 0.862202 12
56 0.840694 0.887068 0.316749 0.224874 0.625125 11
56 0.536667 0.800337 0.169939 0.316202 0.84822 24
0 0.122663 0.754568 0.183408 0.490218 0.718519 34
0 0.175106 0.590327 0.28127 0.418439 0.833678 16

0 0.795097 0.669519 0.40959 0.660962 0.870706 12
56 0.840836 0.887331 0.315903 0.224152 0.676106 11
56 0.535687 0.801855 0.170625 0.317357 0.855078 24
0 0.110638 0.757942 0.183275 0.483918 0.462773 34
0 0.174885 0.590609 0.28167 0.41868 0.840833 16
56 0.329489 0.695771 0.0856663 0.171586 0.517206 30

0 0.161098 0.702292 0.322197 0.5933 0.942073 1
0 0.405739 0.895334 0.187135 0.208152 0.895372 2

0 0.793626 0.669596 0.409518 0.660085 0.848981 12
56 0.840824 0.887135 0.316472 0.22452 0.640067 11
56 0.536015 0.802412 0.171894 0.320502 0.860078 24
0 0.135278 0.761168 0.191154 0.477061 0.555352 34
0 0.174324 0.590145 0.282175 0.419223 0.842996 16

0 0.794036 0.668794 0.410296 0.661284 0.865963 12
56 0.840903 0.886848 0.317178 0.225056 0.619342 11
56 0.536305 0.800043 0.16944 0.315625 0.878603 24
0 0.12351 0.745532 0.205611 0.50875 0.511276 34
0 0.174799 0.588821 0.281647 0.418513 0.775439 16

0 0.794793 0.669369 0.409931 0.660863 0.850183 12
56 0.840811 0.886833 0.317457 0.225325 0.678783 11
56 0.536499 0.798676 0.167576 0.311942 0.884354 24
0 0.0967958 0.74979 0.193592 0.499051 0.620377 34
0 0.175841 0.590129 0.28248 0.420103 0.776242 16

0 0.794955 0.668848 0.409609 0.660364 0.841397 12
56 0.840566 0.886614 0.317804 0.225572 0.684051 11
56 0.536349 0.800858 0.169846 0.316473 0.838728 24
0 0.0907192 0.746622 0.181438 0.505259 0.680845 34
0 0.178632 0.590436 0.282686 0.421993 0.847853 16

0 0.795308 0.669912 0.409007 0.659471 0.863972 12
56 0.840844 0.887369 0.316144 0.224331 0.569921 11
56 0.53644 0.798999 0.167124 0.310585 0.856936 24
0 0.0856146 0.743869 0.171229 0.510201 0.720759 34
0 0.180795 0.591269 0.281701 0.42215 0.725772 16

0 0.795335 0.669186 0.409331 0.661395 0.877363 12
56 0.840902 0.886302 0.318197 0.226236 0.604082 11
56 0.536673 0.792767 0.161901 0.299058 0.89389 24
0 0.0826039 0.741912 0.165208 0.514252 0.754596 34
0 0.181171 0.589249 0.279354 0.419727 0.738087 16
56 0.193652 0.854211 0.226325 0.290004 0.625641 29

0 0.795395 0.669108 0.409209 0.661432 0.878079 12
56 0.840735 0.886983 0.316926 0.225049 0.665257 11
56 0.536345 0.797039 0.167041 0.308687 0.85938 24
0 0.0811047 0.741005 0.162209 0.515856 0.722499 34
0 0.18111 0.590854 0.279968 0.42202 0.780041 16
56 0.192517 0.854123 0.226375 0.289616 0.664557 29
56 0.329785 0.695326 0.0856739 0.17136 0.612516 30

0 0.795425 0.669555 0.409151 0.66062 0.865463 12
56 0.840787 0.886834 0.317064 0.225144 0.536469 11
56 0.536914 0.794093 0.1643 0.302697 0.905207 24
0 0.0804308 0.740703 0.160862 0.516535 0.755545 34
0 0.181327 0.590591 0.278344 0.420643 0.767448 16
56 0.190042 0.854149 0.226536 0.290027 0.53149 29

0 0.795452 0.669838 0.408966 0.66025 0.857383 12
56 0.840863 0.88684 0.316986 0.225066 0.641619 11
56 0.536719 0.791628 0.162239 0.297809 0.901943 24
0 0.080114 0.739142 0.160228 0.519774 0.711435 34
0 0.181307 0.589855 0.276499 0.418692 0.746774 16
56 0.176055 0.853507 0.222118 0.291999 0.439767 29

0 0.796161 0.669556 0.406612 0.656677 0.825774 12
56 0.840627 0.886667 0.317462 0.225391 0.666931 11
56 0.536382 0.797359 0.168378 0.309674 0.851868 24
0 0.0803675 0.734631 0.160735 0.528512 0.715029 34
0 0.182572 0.58934 0.276026 0.419505 0.780976 16
56 0.187029 0.853501 0.22136 0.291726 0.612899 29

0 0.158568 0.692702 0.317136 0.611983 0.941913 1
0 0.400962 0.895729 0.192513 0.207388 0.889979 2

0 0.794967 0.669425 0.408502 0.659593 0.878332 12
56 0.839672 0.884237 0.320656 0.230245 0.691708 11
56 0.536229 0.797446 0.169362 0.311938 0.856459 24
0 0.0806043 0.730604 0.161209 0.536529 0.721333 34
0 0.18469 0.586605 0.27311 0.416687 0.704992 16
56 0.193574 0.851938 0.223245 0.294027 0.567764 29

0 0.795311 0.668506 0.409084 0.660674 0.889466 12
56 0.840468 0.885543 0.319064 0.227638 0.613905 11
56 0.536383 0.79724 0.169163 0.311817 0.859295 24
0 0.0808969 0.730153 0.161794 0.537366 0.662849 34
0 0.185341 0.587814 0.273195 0.418693 0.760596 16
56 0.196245 0.850018 0.225294 0.297378 0.483463 29

0 0.795521 0.667924 0.408678 0.660171 0.869233 12
56 0.839754 0.884141 0.320492 0.230427 0.653897 11
56 0.536383 0.786977 0.161663 0.296401 0.86563 24
0 0.0802487 0.729902 0.160497 0.537884 0.734011 34
0 0.185047 0.586595 0.271648 0.417713 0.677572 16
56 0.197288 0.850466 0.22425 0.29606 0.411296 29

0 0.795611 0.668188 0.408778 0.661406 0.870113 12
56 0.839895 0.884193 0.320211 0.23029 0.678862 11
56 0.535534 0.803762 0.176661 0.32706 0.845441 24
0 0.0796926 0.729546 0.159385 0.539079 0.508457 34
0 0.183677 0.58168 0.267405 0.410961 0.642207 16
56 0.174026 0.846246 0.212951 0.288213 0.602374 29

0 0.795422 0.668752 0.409155 0.661716 0.85773 12
56 0.839777 0.883942 0.320445 0.230829 0.624088 11
56 0.535831 0.795988 0.169049 0.312491 0.889766 24
0 0.10064 0.590255 0.20128 0.817749 0.6889 34
0 0.182184 0.581166 0.267246 0.409734 0.555414 16
56 0.177989 0.850548 0.214765 0.290964 0.542509 29

0 0.795856 0.674328 0.403518 0.65111 0.86361 12
56 0.840496 0.889534 0.308707 0.219687 0.656241 11
56 0.536882 0.801063 0.166865 0.307886 0.862236 24
0 0.10602 0.543885 0.212041 0.911476 0.627058 34
0 0.1814 0.590553 0.268624 0.41166 0.696766 16
56 0.165465 0.856537 0.205023 0.282686 0.403973 29
56 0.330618 0.704418 0.0852485 0.170377 0.541835 30

0 0.79527 0.668677 0.40946 0.662614 0.861697 12
56 0.839029 0.883439 0.321942 0.231964 0.641205 11
56 0.535028 0.801622 0.177159 0.329162 0.819132 24
0 0.105424 0.517994 0.210848 0.96206 0.683508 34
0 0.178823 0.583533 0.274531 0.420322 0.793936 16
56 0.159631 0.85175 0.208296 0.292631 0.544708 29
56 0.329602 0.691144 0.0856444 0.169959 0.414941 30

0 0.795956 0.67211 0.404917 0.653493 0.824642 12
56 0.840685 0.888692 0.311228 0.221443 0.711191 11
56 0.536121 0.814716 0.180234 0.337775 0.838141 24
0 0.109675 0.510308 0.219349 0.974055 0.644132 34
0 0.180808 0.592431 0.274481 0.420854 0.832952 16
0 0.131101 0.783372 0.262203 0.430351 0.602419 29
56 0.330893 0.698732 0.0857463 0.169756 0.540415 30

0 0.795436 0.668658 0.408878 0.660134 0.842424 12
56 0.840167 0.885106 0.319665 0.228865 0.627805 11
56 0.535038 0.79566 0.166067 0.309078 0.863695 24
0 0.120002 0.507879 0.240004 0.980187 0.685915 34
0 0.177967 0.587564 0.27423 0.419243 0.570311 16
0 0.138247 0.756693 0.276494 0.484609 0.456674 29

0 0.795893 0.670582 0.405447 0.654273 0.853008 12
56 0.840664 0.886759 0.316452 0.225619 0.556023 11
56 0.536289 0.799943 0.168069 0.313167 0.875393 24
0 0.105329 0.510311 0.210657 0.97464 0.573048 34
0 0.178288 0.589875 0.276367 0.422454 0.821636 16
56 0.330144 0.69766 0.0868967 0.172916 0.520466 30

0 0.15813 0.685377 0.31626 0.626765 0.94552 1
0 0.400262 0.895327 0.198008 0.208142 0.893516 2

0 0.795075 0.667572 0.408352 0.658976 0.904021 12
56 0.838527 0.882148 0.322946 0.234589 0.677361 11
56 0.535739 0.787225 0.163622 0.30397 0.855947 24
0 0.0996808 0.50964 0.199362 0.974781 0.560287 34
0 0.178477 0.581592 0.271778 0.414183 0.779498 16

0 0.794929 0.667239 0.409226 0.660348 0.915568 12
56 0.840785 0.885125 0.31843 0.228536 0.456087 11
56 0.536653 0.800282 0.172186 0.321511 0.866 24
0 0.0952488 0.512862 0.190498 0.968933 0.592646 34
0 0.179172 0.585464 0.274514 0.418694 0.814503 16

0 0.79561 0.669898 0.40716 0.656768 0.871811 12
56 0.537047 0.798026 0.166677 0.310768 0.89297 24
0 0.0989165 0.511819 0.197833 0.974408 0.7354 34
0 0.179797 0.586199 0.270433 0.411916 0.632917 16

0 0.795531 0.667165 0.408938 0.66312 0.822714 12
56 0.536449 0.793971 0.165354 0.307646 0.876612 24
0 0.181256 0.585507 0.275352 0.420803 0.779044 16
0 0.112676 0.740973 0.225352 0.507485 0.660481 29
56 0.839578 0.882822 0.320845 0.233051 0.62539 11

0 0.79541 0.666387 0.409181 0.665156 0.836342 12
56 0.536253 0.794125 0.166792 0.310094 0.853731 24
0 0.182915 0.585842 0.275396 0.422331 0.80629 16
0 0.106651 0.739662 0.213301 0.51117 0.673766 29
56 0.839601 0.882849 0.320797 0.233086 0.504248 11

0 0.796108 0.667916 0.407783 0.660075 0.877143 12
56 0.536727 0.79448 0.165537 0.307022 0.890618 24
0 0.184374 0.588034 0.273822 0.422 0.759467 16
0 0.10264 0.738291 0.20528 0.514368 0.694632 29
56 0.840645 0.884166 0.31871 0.230324 0.520454 11

0 0.795181 0.667672 0.408496 0.661003 0.900148 12
56 0.53649 0.792693 0.166384 0.30816 0.869267 24
0 0.185338 0.585961 0.271581 0.420031 0.773362 16
0 0.0982255 0.736542 0.196451 0.518223 0.716227 29
56 0.840136 0.883167 0.319727 0.232291 0.676308 11

0 0.794907 0.668003 0.407393 0.65882 0.871643 12
56 0.537099 0.794705 0.166807 0.308662 0.846927 24
0 0.185978 0.566742 0.247203 0.378454 0.569395 16
0 0.0930494 0.734954 0.186099 0.521682 0.700717 29
56 0.841059 0.884813 0.317398 0.229003 0.673738 11
0 0.0858692 0.52076 0.171738 0.946341 0.646462 34

0 0.795433 0.67028 0.404142 0.653012 0.89655 12
56 0.536447 0.803255 0.176774 0.329654 0.841428 24
0 0.186611 0.563914 0.240808 0.36624 0.558343 16
0 0.089381 0.73271 0.178762 0.527288 0.430839 29
56 0.840862 0.884953 0.317526 0.229173 0.604748 11
0 0.0817621 0.524839 0.163524 0.941665 0.768895 34

0 0.794011 0.668643 0.403156 0.651334 0.887904 12
56 0.537642 0.807126 0.181312 0.340769 0.840955 24
0 0.187228 0.576501 0.261079 0.399614 0.643431 16
0 0.0869966 0.730201 0.173993 0.532479 0.628202 29
56 0.840664 0.885194 0.316787 0.228581 0.665465 11
0 0.0795587 0.525191 0.159117 0.941817 0.664031 34

0 0.158526 0.679829 0.317052 0.637683 0.949601 1
0 0.401405 0.894093 0.203979 0.210231 0.896549 2

0 0.792201 0.674035 0.397149 0.642144 0.89043 12
56 0.539019 0.804881 0.174887 0.328024 0.872672 24
0 0.188691 0.584107 0.265495 0.408465 0.698824 16
0 0.084637 0.732541 0.169274 0.528626 0.545846 29
56 0.84093 0.886744 0.313252 0.225682 0.702506 11
0 0.0776796 0.531057 0.155359 0.930866 0.740084 34

0 0.79019 0.670498 0.393599 0.63774 0.884844 12
56 0.538732 0.811971 0.184295 0.347394 0.825194 24
0 0.189867 0.584119 0.269524 0.417543 0.643467 16
0 0.083363 0.731786 0.166726 0.530469 0.749815 29
56 0.840277 0.884368 0.318868 0.229898 0.831688 11
0 0.0766888 0.534547 0.153378 0.924388 0.666566 34

0 0.789323 0.672955 0.389968 0.632933 0.876131 12
56 0.540726 0.803498 0.173165 0.323616 0.871896 24
0 0.190053 0.587412 0.270224 0.421523 0.600128 16
0 0.082016 0.732574 0.164032 0.529371 0.567288 29
56 0.840163 0.886299 0.314486 0.226231 0.806479 11
0 0.0761729 0.534823 0.152346 0.923997 0.753423 34

0 0.789496 0.674709 0.385456 0.628509 0.900169 12
56 0.542297 0.804471 0.177669 0.331851 0.839186 24
0 0.189289 0.584729 0.268248 0.420458 0.826097 16
56 0.840442 0.883911 0.319116 0.230839 0.787766 11
0 0.102008 0.532495 0.178386 0.925394 0.731715 34

0 0.782116 0.68107 0.378208 0.618859 0.857881 12
56 0.540311 0.795989 0.169922 0.315081 0.803498 24
0 0.189731 0.545077 0.222697 0.341705 0.41761 16
56 0.839881 0.882979 0.320239 0.233157 0.543968 11
0 0.140503 0.519501 0.196699 0.953207 0.879266 34

0 0.77776 0.687849 0.371809 0.609386 0.827875 12
56 0.539425 0.797884 0.170478 0.315773 0.845999 24
56 0.840482 0.884432 0.318665 0.23025 0.709209 11
0 0.156635 0.515504 0.210698 0.961469 0.886819 34

0 0.774322 0.69248 0.36786 0.60375 0.777511 12
56 0.539772 0.811519 0.181682 0.339718 0.853194 24
56 0.840419 0.886686 0.313148 0.225659 0.690438 11
0 0.160424 0.512524 0.22245 0.968688 0.882941 34

0 0.774997 0.696204 0.364669 0.598661 0.837447 12
56 0.539854 0.799952 0.173237 0.321821 0.845464 24
56 0.840895 0.884326 0.31821 0.229942 0.811576 11
0 0.149857 0.508023 0.229535 0.975621 0.850142 34
56 0.909638 0.742631 0.175436 0.0873945 0.554022 36
0 0.197626 0.56305 0.241353 0.3724 0.807646 16

0 0.78814 0.697541 0.366725 0.59772 0.843122 12
56 0.540391 0.806622 0.181765 0.3395 0.820277 24
56 0.84059 0.883314 0.318819 0.231932 0.781915 11
0 0.141379 0.501908 0.236381 0.991154 0.826387 34
56 0.90941 0.741624 0.181178 0.0902874 0.482145 36
0 0.198777 0.575928 0.256687 0.401272 0.798756 16

0 0.784989 0.700514 0.362849 0.591901 0.731248 12
56 0.541151 0.803241 0.172838 0.321118 0.893949 24
56 0.840904 0.88679 0.312598 0.225291 0.772771 11
0 0.118685 0.49982 0.234502 0.995003 0.808174 34
56 0.908828 0.747093 0.182344 0.0914018 0.664669 36
0 0.199792 0.588254 0.26307 0.417219 0.788309 16
56 0.329664 0.70007 0.0863374 0.171437 0.538076 30

0 0.158806 0.676322 0.317612 0.644658 0.947409 1
0 0.40316 0.894571 0.206967 0.209491 0.898617 2

0 0.784629 0.700926 0.362284 0.590858 0.825381 12
56 0.541029 0.797516 0.168237 0.310299 0.895633 24
56 0.841461 0.884943 0.31695 0.228695 0.773209 11
0 0.105286 0.500031 0.210572 0.995671 0.82429 34
56 0.908129 0.746506 0.183742 0.0929287 0.559781 36
0 0.200368 0.589829 0.261484 0.419571 0.67383 16

0 0.786176 0.698029 0.365027 0.595433 0.763731 12
56 0.540932 0.800221 0.171749 0.316541 0.841492 24
56 0.841435 0.884606 0.31713 0.229087 0.737076 11
0 0.0976956 0.499556 0.195391 0.997416 0.792317 34
56 0.907978 0.746786 0.184045 0.0935503 0.622525 36
0 0.199595 0.591071 0.260447 0.421948 0.652247 16

0 0.78428 0.695683 0.368354 0.600276 0.767056 12
56 0.541004 0.802309 0.173907 0.320846 0.865005 24
56 0.840606 0.885629 0.315593 0.227531 0.748779 11
0 0.0963619 0.499083 0.192724 0.998166 0.810967 34
56 0.908519 0.746764 0.182961 0.0925593 0.584783 36
0 0.199355 0.59113 0.257961 0.421162 0.765307 16

0 0.785882 0.691948 0.371841 0.605297 0.762406 12
56 0.540056 0.803646 0.174605 0.322496 0.85436 24
56 0.840557 0.8867 0.313529 0.22565 0.767348 11
0 0.095407 0.499023 0.190814 0.998047 0.813728 34
56 0.90846 0.746491 0.18308 0.0931625 0.684149 36
0 0.199434 0.592654 0.25705 0.423391 0.671286 16

0 0.786893 0.687952 0.377233 0.613979 0.788255 12
56 0.53932 0.799438 0.17283 0.319145 0.868476 24
56 0.840108 0.884141 0.319784 0.230728 0.779735 11
0 0.0942758 0.499184 0.188552 0.998369 0.81666 34
56 0.909409 0.741838 0.181182 0.0911663 0.594001 36
0 0.199196 0.589387 0.254195 0.421627 0.650906 16

0 0.787009 0.687127 0.379578 0.616535 0.788153 12
56 0.538657 0.806708 0.174669 0.324292 0.864141 24
56 0.840706 0.887607 0.31159 0.223883 0.651908 11
0 0.0929339 0.499719 0.185868 0.997465 0.821862 34
56 0.908457 0.74719 0.183087 0.0937371 0.681266 36
0 0.199999 0.592356 0.250171 0.416971 0.714755 16
63 0.721781 0.624081 0.0631508 0.110571 0.596107 37
56 0.329695 0.701616 0.0869241 0.172036 0.606422 30

0 0.787472 0.683508 0.384851 0.624817 0.824824 12
56 0.537007 0.802276 0.173136 0.321363 0.858914 24
56 0.840072 0.884147 0.319856 0.230698 0.793127 11
0 0.0923615 0.501742 0.184723 0.993521 0.801808 34
56 0.909727 0.741821 0.178844 0.0898204 0.66464 36
0 0.199511 0.588854 0.248372 0.416259 0.699652 16
63 0.724672 0.616912 0.0616477 0.107323 0.736716 37

0 0.788344 0.680266 0.389071 0.631411 0.820998 12
56 0.537393 0.807763 0.178272 0.333115 0.840975 24
56 0.840171 0.884853 0.318496 0.229282 0.717098 11
0 0.0921193 0.501792 0.184239 0.991634 0.807867 34
56 0.909415 0.742406 0.180548 0.0907108 0.525798 36
0 0.199129 0.588992 0.249008 0.419728 0.738602 16
63 0.728392 0.616479 0.0624524 0.107571 0.797313 37

0 0.790228 0.677137 0.393396 0.636597 0.813922 12
56 0.536881 0.798627 0.170157 0.316846 0.884228 24
56 0.840464 0.884409 0.319072 0.230182 0.740506 11
0 0.0910123 0.502699 0.182025 0.991246 0.811476 34
63 0.909987 0.741437 0.175449 0.08784 0.463583 36
0 0.199349 0.58781 0.247681 0.419492 0.687004 16
63 0.732932 0.616707 0.0637067 0.107729 0.777444 37

0 0.79331 0.675219 0.395529 0.637821 0.802168 12
56 0.537346 0.809755 0.176695 0.331509 0.83978 24
63 0.840171 0.887134 0.312899 0.224752 0.62618 11
0 0.0902741 0.50526 0.180548 0.98661 0.797355 34
56 0.909193 0.744739 0.181613 0.0919362 0.53866 36
0 0.197656 0.591772 0.246925 0.419603 0.791627 16
63 0.737171 0.620784 0.0655356 0.108033 0.719703 37
56 0.330263 0.697675 0.0860118 0.170243 0.559181 30

0 0.159168 0.674938 0.318336 0.647389 0.941368 1
0 0.405127 0.894787 0.209543 0.209125 0.903369 2

0 0.79542 0.671855 0.40094 0.646109 0.825927 12
56 0.537374 0.797399 0.168247 0.314253 0.901973 24
56 0.840319 0.884419 0.319363 0.230182 0.782836 11
0 0.0900243 0.503444 0.180049 0.988295 0.800483 34
63 0.910119 0.740615 0.176839 0.0885506 0.684224 36
0 0.199182 0.587614 0.245224 0.418201 0.638532 16
63 0.738864 0.617285 0.0676669 0.108368 0.754198 37

0 0.795996 0.671234 0.400999 0.645047 0.841039 12
56 0.53766 0.797544 0.166258 0.310179 0.864997 24
56 0.840774 0.887128 0.312933 0.224674 0.64352 11
0 0.0893597 0.50291 0.178719 0.991084 0.769865 34
56 0.908631 0.74576 0.182738 0.0931154 0.453951 36
0 0.198409 0.58963 0.24298 0.415526 0.678738 16
63 0.739979 0.621254 0.0684207 0.106146 0.792497 37
56 0.329946 0.699698 0.0867985 0.172164 0.546293 30

0 0.796464 0.670684 0.401251 0.644454 0.859113 12
56 0.53719 0.794841 0.165211 0.307057 0.889714 24
56 0.841063 0.886923 0.313622 0.225008 0.641409 11
0 0.0893925 0.502763 0.178785 0.990168 0.777913 34
0 0.200149 0.591183 0.241675 0.415085 0.581718 16
63 0.74129 0.622858 0.0711012 0.106645 0.764339 37

0 0.796785 0.667703 0.404895 0.650404 0.869762 12
56 0.534849 0.799099 0.172471 0.320128 0.825375 24
56 0.840196 0.883966 0.319608 0.230909 0.719748 11
0 0.0893082 0.504048 0.178616 0.987434 0.788029 34
0 0.20019 0.586548 0.242009 0.417037 0.642738 16
63 0.742441 0.617333 0.0743844 0.107931 0.819127 37

0 0.796908 0.668733 0.405013 0.650231 0.891789 12
56 0.536835 0.799764 0.169505 0.314675 0.895603 24
56 0.841015 0.8863 0.314898 0.226158 0.783375 11
0 0.089181 0.50479 0.178362 0.987382 0.786025 34
0 0.200256 0.58968 0.243116 0.421198 0.727476 16
63 0.743411 0.621155 0.07848 0.11042 0.80755 37
56 0.329335 0.698226 0.0864934 0.171716 0.608697 30

0 0.797036 0.668819 0.405099 0.65014 0.904359 12
56 0.537168 0.80163 0.170878 0.317914 0.890015 24
56 0.84109 0.886321 0.314997 0.226148 0.672628 11
0 0.088775 0.503254 0.17755 0.990826 0.756974 34
0 0.200584 0.590438 0.24094 0.418595 0.716165 16
63 0.744263 0.622102 0.080305 0.109348 0.799076 37
56 0.216731 0.854285 0.184399 0.289239 0.513686 38
56 0.329463 0.696412 0.0861548 0.171093 0.422987 30

0 0.796645 0.666943 0.406238 0.651823 0.891991 12
56 0.53685 0.801737 0.170386 0.317245 0.872557 24
56 0.840845 0.886047 0.315785 0.226646 0.644277 11
0 0.0886251 0.503115 0.17725 0.991774 0.762144 34
0 0.198789 0.589359 0.240106 0.41808 0.710416 16
63 0.743357 0.621391 0.0841508 0.111405 0.761553 37
56 0.211809 0.852955 0.185671 0.291652 0.471762 38

0 0.791975 0.668942 0.40695 0.650584 0.807102 12
56 0.530936 0.794788 0.162897 0.303172 0.820347 24
56 0.836782 0.885911 0.317556 0.227064 0.571706 11
0 0.0863609 0.504145 0.172722 0.98733 0.802253 34
0 0.191344 0.589451 0.242395 0.423222 0.637445 16
63 0.737929 0.621143 0.0845157 0.108926 0.614073 37

0 0.835724 0.591925 0.310007 0.493666 0.584353 12
0 0.07675 0.52966 0.1535 0.937233 0.71181 34
0 0.175642 0.653263 0.303946 0.546991 0.741686 16

0 0.840879 0.559221 0.265458 0.425611 0.685568 12
0 0.0586145 0.65973 0.117229 0.677144 0.552794 34
0 0.157668 0.676016 0.315335 0.593464 0.676659 16

0 0.159431 0.67352 0.318862 0.650216 0.949965 1
0 0.40733 0.894184 0.212672 0.210385 0.904662 2

0 0.788798 0.551987 0.255974 0.413216 0.458696 12
0 0.146949 0.682766 0.293897 0.618653 0.489696 16

0 0.751172 0.712167 0.497655 0.572661 0.852335 11

0 0.798323 0.660999 0.342769 0.578288 0.670849 12

0 0.530601 0.554488 0.215421 0.405485 0.716707 39
0 0.770797 0.681029 0.344801 0.606995 0.77461 12

0 0.441647 0.559237 0.220446 0.411446 0.59214 39
0 0.720828 0.691936 0.335478 0.613294 0.792022 12

0 0.389084 0.5592 0.22354 0.413194 0.536555 39
0 0.676943 0.693585 0.325513 0.612831 0.825096 12

0 0.636016 0.694523 0.31524 0.610955 0.817031 12
56 0.359331 0.876301 0.357802 0.246685 0.729269 40

0 0.612121 0.695306 0.303228 0.609388 0.865824 12
56 0.342503 0.875757 0.359224 0.247647 0.463956 40
0 0.335693 0.562737 0.229039 0.420695 0.556021 39

0 0.582628 0.695983 0.294772 0.608035 0.881757 12
56 0.315968 0.876542 0.357474 0.246266 0.679966 40
0 0.316422 0.563909 0.230588 0.422348 0.495181 39
0 0.22154 0.67763 0.355731 0.644739 0.729941 16

0 0.56002 0.696012 0.286016 0.607976 0.888607 12
56 0.291894 0.876401 0.358083 0.246352 0.587462 40
0 0.299692 0.560739 0.229093 0.419101 0.692968 39
0 0.22187 0.676096 0.367453 0.647807 0.64059 16

0 0.184958 0.708595 0.367952 0.580892 0.950537 1
0 0.44201 0.889141 0.168568 0.220557 0.897207 2

0 0.159956 0.671242 0.319912 0.654791 0.949621 1
0 0.411124 0.891721 0.219085 0.215571 0.916275 2

0 0.545896 0.696634 0.278514 0.606732 0.896888 12
56 0.277295 0.877558 0.35548 0.24391 0.661199 40
0 0.289929 0.558202 0.226053 0.412705 0.466212 39
0 0.215564 0.674967 0.375141 0.650065 0.850232 16

0 0.52973 0.69664 0.273025 0.60672 0.854169 12
56 0.26052 0.877393 0.35713 0.244463 0.686082 40
0 0.277076 0.557812 0.226441 0.413813 0.74001 39

0 0.510269 0.695517 0.267217 0.608966 0.899306 12
56 0.240269 0.877824 0.356887 0.243595 0.542256 40
0 0.259392 0.557668 0.22663 0.414874 0.526933 39
56 0.297177 0.725282 0.0814887 0.100581 0.550198 30
0 0.195965 0.6767 0.373869 0.646601 0.704307 16

0 0.493985 0.695243 0.261248 0.609515 0.857505 12
56 0.228694 0.877858 0.35777 0.243378 0.587914 40
56 0.288849 0.725637 0.101535 0.102396 0.548791 30
0 0.187956 0.676239 0.372076 0.646364 0.825963 16
56 0.497183 0.805306 0.211253 0.387785 0.571844 24

0 0.485495 0.694972 0.255108 0.610056 0.862896 12
56 0.225774 0.878203 0.35805 0.242666 0.574364 40
56 0.286999 0.727404 0.11315 0.100774 0.631673 30
0 0.185031 0.676397 0.370062 0.644163 0.787374 16
63 0.113609 0.622002 0.0975364 0.114189 0.692123 41
56 0.811523 0.853433 0.374075 0.29212 0.576744 42
56 0.497315 0.800131 0.219542 0.399737 0.603451 24

0 0.483941 0.694802 0.249094 0.610395 0.850571 12
56 0.225114 0.878128 0.359486 0.242853 0.543367 40
56 0.286832 0.726653 0.122607 0.100807 0.595371 30
0 0.184537 0.676612 0.369074 0.642685 0.798181 16
63 0.114209 0.621809 0.0981013 0.114805 0.7292 41
56 0.812145 0.853158 0.374799 0.292691 0.638973 42
56 0.499532 0.798999 0.221354 0.402001 0.597016 24

0 0.486896 0.693604 0.245023 0.612793 0.85172 12
56 0.225507 0.877473 0.362338 0.244151 0.62745 40
56 0.286911 0.724426 0.129007 0.0999675 0.54456 30
0 0.184762 0.675413 0.369525 0.644107 0.827617 16
63 0.11542 0.619948 0.099192 0.115903 0.833248 41
56 0.811468 0.852165 0.377063 0.294671 0.512569 42
56 0.495511 0.799838 0.220207 0.400324 0.647884 24

0 0.48988 0.694519 0.23996 0.610961 0.893121 12
56 0.226257 0.877925 0.362164 0.243302 0.716629 40
56 0.287425 0.726983 0.134913 0.100004 0.671083 30
0 0.185468 0.676055 0.368411 0.640842 0.819422 16
63 0.116525 0.620893 0.100237 0.116891 0.736548 41
56 0.811507 0.853243 0.374604 0.292477 0.682309 42

0 0.488737 0.69454 0.237224 0.61092 0.881007 12
56 0.226994 0.878157 0.36261 0.242858 0.759261 40
56 0.288167 0.728044 0.13914 0.0994441 0.654783 30
0 0.186643 0.676673 0.368778 0.640449 0.776181 16
63 0.117772 0.621361 0.09908 0.115054 0.780567 41
56 0.810763 0.853817 0.373283 0.29128 0.552754 42

0 0.486848 0.693417 0.235482 0.613166 0.900702 12
56 0.227642 0.877281 0.365853 0.244514 0.636688 40
56 0.287899 0.724707 0.143029 0.0994537 0.419563 30
0 0.187592 0.676247 0.370117 0.641905 0.767683 16
63 0.118959 0.620721 0.100675 0.116362 0.731426 41
56 0.810862 0.8522 0.377187 0.294444 0.637442 42

0 0.162016 0.664651 0.324031 0.667907 0.939375 1
0 0.414625 0.883679 0.234414 0.231108 0.900653 2

0 0.486384 0.692249 0.233493 0.615501 0.891092 12
56 0.228043 0.877503 0.366039 0.244025 0.590823 40
0 0.188231 0.675053 0.371644 0.643778 0.797145 16
63 0.120191 0.619661 0.100857 0.115904 0.618293 41
56 0.811601 0.85228 0.376798 0.294358 0.580869 42

0 0.485441 0.694872 0.228538 0.610256 0.874703 12
56 0.228544 0.87883 0.363552 0.241446 0.669815 40
0 0.188793 0.676613 0.371966 0.643147 0.798699 16
63 0.12051 0.622603 0.099669 0.113521 0.645621 41
56 0.810614 0.85435 0.372162 0.290137 0.700667 42

0 0.484103 0.69557 0.226013 0.60886 0.871832 12
56 0.228816 0.878486 0.365312 0.242029 0.611136 40
0 0.189326 0.675711 0.372611 0.643079 0.534856 16
63 0.120322 0.623043 0.100195 0.113203 0.705928 41
56 0.810948 0.854164 0.373008 0.290608 0.601271 42

0 0.488751 0.694418 0.223508 0.61051 0.87177 12
56 0.229454 0.877356 0.369179 0.244346 0.631509 40
0 0.189502 0.673973 0.374865 0.6466 0.858688 16
63 0.120646 0.621648 0.10279 0.115445 0.763308 41
56 0.811704 0.853034 0.375747 0.292895 0.644628 42

0 0.490895 0.69573 0.220071 0.608138 0.862717 12
56 0.229847 0.878003 0.368128 0.243067 0.693244 40
0 0.189619 0.674855 0.374494 0.644982 0.852505 16
63 0.120682 0.623763 0.102783 0.114513 0.768191 41
56 0.811098 0.85405 0.373454 0.290813 0.627186 42

0 0.488406 0.693908 0.219933 0.610901 0.85852 12
56 0.230096 0.876753 0.37198 0.245569 0.635705 40
0 0.190093 0.672269 0.378691 0.652279 0.863506 16
63 0.120953 0.621308 0.105498 0.117043 0.734894 41
56 0.811072 0.852743 0.376763 0.293479 0.722681 42
56 0.507551 0.819411 0.196682 0.361179 0.519378 24

0 0.483675 0.693991 0.220119 0.611954 0.882512 12
56 0.230371 0.877597 0.370161 0.243948 0.686827 40
0 0.190437 0.671283 0.3792 0.652827 0.86968 16
63 0.121259 0.622178 0.106668 0.117911 0.755056 41
56 0.811857 0.85323 0.375568 0.292545 0.728549 42
56 0.493158 0.821839 0.199323 0.356322 0.512977 24

0 0.481788 0.693851 0.219874 0.612299 0.87225 12
56 0.230281 0.87742 0.370969 0.244234 0.676725 40
0 0.190841 0.672379 0.380021 0.653902 0.866618 16
63 0.121494 0.622709 0.106216 0.116863 0.761429 41
56 0.811417 0.853125 0.375633 0.292561 0.661543 42
56 0.490918 0.823278 0.200736 0.353314 0.582207 24

0 0.482646 0.692715 0.219635 0.614525 0.857042 12
56 0.230665 0.877195 0.372121 0.244743 0.801546 40
0 0.190775 0.672188 0.377564 0.648649 0.832019 16
63 0.121371 0.62185 0.107013 0.117154 0.825951 41
56 0.811739 0.852697 0.376522 0.293485 0.652093 42
56 0.493996 0.823486 0.201502 0.352865 0.686242 24

0 0.481859 0.691928 0.219468 0.615834 0.879496 12
56 0.230845 0.87759 0.371513 0.24404 0.791247 40
0 0.191024 0.672221 0.379842 0.652337 0.884261 16
63 0.121048 0.622443 0.105806 0.115007 0.785051 41
56 0.811715 0.852939 0.375885 0.292892 0.545698 42
56 0.492831 0.823401 0.203156 0.353037 0.677428 24

0 0.175876 0.629612 0.351753 0.738784 0.910552 1
0 0.413257 0.841691 0.308893 0.315456 0.898333 2

0 0.480203 0.691676 0.219356 0.616649 0.861584 12
56 0.231385 0.877316 0.3726 0.244549 0.816849 40
0 0.191248 0.672303 0.381197 0.654509 0.899182 16
63 0.120963 0.622171 0.106416 0.11512 0.846929 41
63 0.811755 0.852292 0.376491 0.294651 0.512315 42
56 0.498847 0.821404 0.204407 0.356706 0.618879 24

0 0.478954 0.695461 0.216653 0.609078 0.879128 12
56 0.230834 0.88184 0.361137 0.235532 0.782745 40
0 0.191408 0.676156 0.377091 0.645899 0.899856 16
63 0.120101 0.629727 0.107891 0.116487 0.850872 41
56 0.810955 0.856524 0.36809 0.285909 0.742457 42
56 0.491429 0.825194 0.203873 0.349352 0.453924 24

0 0.483619 0.68942 0.220338 0.620232 0.873388 12
56 0.233467 0.876826 0.376069 0.245483 0.720227 40
0 0.191944 0.670348 0.382162 0.654696 0.909751 16
63 0.120441 0.621264 0.108215 0.116712 0.878404 41
56 0.810961 0.851238 0.378079 0.296425 0.747436 42

0 0.487985 0.694029 0.217503 0.611504 0.893134 12
56 0.236429 0.879709 0.368406 0.239571 0.776764 40
0 0.193221 0.675386 0.378746 0.646763 0.868323 16
63 0.122854 0.628466 0.108497 0.116826 0.809245 41
56 0.81268 0.855022 0.371331 0.288756 0.813484 42

0 0.512117 0.691523 0.2214 0.616954 0.868887 12
56 0.256905 0.877974 0.373899 0.24346 0.846776 40
0 0.203623 0.673823 0.383475 0.649295 0.832162 16
63 0.142533 0.624052 0.106561 0.113693 0.669115 41
56 0.81876 0.853855 0.36248 0.291286 0.6096 42

0 0.554644 0.691981 0.222332 0.615369 0.821778 12
56 0.302242 0.877094 0.375494 0.245209 0.631685 40
56 0.863228 0.847545 0.273544 0.274985 0.633574 42

0 0.604906 0.692257 0.222744 0.614532 0.837429 12
0 0.40742 0.556562 0.242856 0.41147 0.710137 44

0 0.662646 0.69338 0.222319 0.610156 0.810725 12
0 0.477842 0.55671 0.24237 0.409672 0.650345 44

0 0.703554 0.692001 0.224933 0.613263 0.751839 12
0 0.513958 0.552623 0.240984 0.406724 0.649192 44

0 0.768618 0.688609 0.227439 0.617263 0.795213 12
0 0.574455 0.556185 0.248206 0.419264 0.634755 44

0 0.187387 0.589899 0.374774 0.818324 0.873115 1
0 0.411404 0.813408 0.349123 0.370961 0.892121 2

0 0.808201 0.690882 0.227142 0.614236 0.793837 12
0 0.620018 0.561427 0.248522 0.418231 0.682728 44

0 0.839773 0.691199 0.228988 0.612607 0.796896 12
0 0.643199 0.562751 0.250919 0.419454 0.686624 44

0 0.888309 0.686279 0.223383 0.61919 0.661926 12
0 0.691788 0.55623 0.249572 0.416505 0.733418 44

0 0.909234 0.648451 0.181531 0.543436 0.704536 12
0 0.73478 0.557695 0.250509 0.415884 0.713372 44

0 0.919944 0.628463 0.160111 0.506314 0.545126 12
0 0.762397 0.548976 0.243558 0.401577 0.493221 44
56 0.762485 0.734814 0.168853 0.0754656 0.62053 45
56 0.725139 0.88181 0.369897 0.235743 0.693625 46
0 0.137223 0.68431 0.274446 0.62902 0.745736 16

0 0.790157 0.553252 0.253635 0.416855 0.617524 44
56 0.792083 0.735137 0.170029 0.0760217 0.679234 45
56 0.756017 0.882204 0.368985 0.235023 0.583787 46
0 0.140584 0.685007 0.281167 0.625112 0.542369 16

0 0.851992 0.552575 0.257914 0.422491 0.689861 44
56 0.866597 0.741511 0.18327 0.0820713 0.622318 45
56 0.812373 0.886091 0.356431 0.227068 0.520617 46
0 0.154199 0.685255 0.308399 0.615523 0.709285 16

0 0.880792 0.551055 0.238416 0.430077 0.642521 44
0 0.203584 0.685963 0.297633 0.612372 0.841779 16
0 0.0986042 0.500365 0.159442 0.996438 0.872018 47

0 0.898244 0.560792 0.203513 0.437698 0.744708 44
0 0.257058 0.68595 0.287899 0.611534 0.455757 16
0 0.124065 0.499862 0.16161 0.997504 0.857662 47
56 0.856478 0.892153 0.287045 0.215231 0.500908 46

0 0.297148 0.688646 0.277576 0.607098 0.855076 16
0 0.143669 0.502963 0.16422 0.990448 0.882977 47
56 0.634467 0.747002 0.160699 0.189865 0.597454 48
56 0.869139 0.892625 0.261722 0.214163 0.495692 46

0 0.198523 0.547606 0.397046 0.902585 0.896886 1
0 0.404545 0.778083 0.396194 0.441167 0.860562 2
56 0.732526 0.894474 0.214181 0.20987 0.765799 3

0 0.336804 0.624055 0.217559 0.468774 0.727647 16
0 0.162489 0.500365 0.171072 0.995758 0.895662 47
56 0.667742 0.789152 0.23785 0.283071 0.794755 48
56 0.882493 0.894199 0.235014 0.211099 0.625374 46

0 0.354699 0.598907 0.193808 0.412382 0.729554 16
0 0.169115 0.500026 0.178414 0.997119 0.89175 47
56 0.677598 0.816519 0.285261 0.343283 0.836402 48
56 0.887674 0.893654 0.224651 0.21198 0.534624 46
63 0.901328 0.628931 0.12571 0.113888 0.77838 49
56 0.371612 0.853213 0.391151 0.291597 0.639845 40

0 0.359726 0.592011 0.188329 0.395811 0.816607 16
0 0.170756 0.500917 0.186098 0.995554 0.900893 47
56 0.682008 0.822972 0.298362 0.354056 0.819325 48
56 0.891058 0.893999 0.217884 0.21114 0.577943 46
63 0.90174 0.626044 0.120829 0.109335 0.698525 49
0 0.868097 0.742728 0.262518 0.5122 0.829917 50
56 0.375063 0.853395 0.351458 0.290991 0.62181 40

0 0.363291 0.590748 0.187733 0.392257 0.789451 16
0 0.18325 0.500633 0.196733 0.996365 0.899636 47
56 0.68531 0.822688 0.289267 0.354623 0.840111 48
56 0.893699 0.894966 0.212602 0.209088 0.529051 46
63 0.901638 0.627372 0.123052 0.111303 0.779999 49
0 0.866377 0.742849 0.262559 0.512082 0.856386 50

0 0.367064 0.582508 0.184407 0.385104 0.838264 16
0 0.20136 0.502543 0.209754 0.993427 0.883211 47
56 0.68302 0.819982 0.293008 0.360036 0.844321 48
56 0.893825 0.892177 0.212349 0.214627 0.585243 46
63 0.902252 0.623769 0.128856 0.116745 0.740645 49
0 0.867015 0.739902 0.265358 0.517609 0.812702 50

0 0.370962 0.56731 0.168942 0.349171 0.879695 16
0 0.229108 0.500636 0.228432 0.997187 0.869844 47
56 0.67926 0.819844 0.289311 0.360313 0.854335 48
56 0.895476 0.892138 0.209049 0.214787 0.559197 46
63 0.901397 0.626609 0.127238 0.115354 0.72897 49
0 0.866956 0.744723 0.260913 0.508432 0.641868 50

0 0.371092 0.543219 0.151859 0.307011 0.865748 16
0 0.253398 0.500164 0.249854 0.999063 0.882292 47
56 0.67716 0.820104 0.283409 0.359792 0.877491 48
56 0.897143 0.891872 0.205713 0.214946 0.615754 46
63 0.900524 0.626837 0.128215 0.11642 0.774577 49
0 0.868002 0.744698 0.260849 0.508158 0.778417 50

0 0.370947 0.520416 0.138381 0.27087 0.871394 16
0 0.2978 0.499867 0.278499 0.999507 0.883143 47
56 0.679909 0.819229 0.276094 0.361542 0.861949 48
56 0.898177 0.891437 0.203646 0.216132 0.640172 46
63 0.899182 0.62477 0.130485 0.119126 0.799442 49
0 0.867543 0.747933 0.257284 0.500314 0.845911 50

0 0.370327 0.513167 0.130996 0.247831 0.809556 16
0 0.329762 0.499699 0.309778 0.999399 0.878191 47
56 0.68386 0.818407 0.256462 0.353486 0.899729 48
56 0.901089 0.894145 0.197823 0.210607 0.637288 46
63 0.894283 0.629303 0.132412 0.122386 0.757927 49
0 0.868165 0.751347 0.255046 0.494983 0.720375 50

0 0.36235 0.48781 0.112974 0.205139 0.593395 16
0 0.340069 0.499173 0.339142 0.998345 0.890977 47
56 0.684585 0.816355 0.25336 0.35797 0.899925 48
56 0.901138 0.891848 0.197723 0.21513 0.646409 46
63 0.890206 0.622346 0.125842 0.117812 0.743151 49
0 0.866488 0.753318 0.253242 0.489513 0.680471 50

0 0.213998 0.512678 0.427996 0.969996 0.863731 1
0 0.39696 0.704994 0.441741 0.519299 0.518182 2

0 0.355097 0.498417 0.369574 0.996835 0.880724 47
56 0.685884 0.802695 0.229627 0.329853 0.868815 48
56 0.902515 0.891385 0.19497 0.215706 0.665822 46
63 0.886807 0.622617 0.126169 0.120562 0.677495 49
0 0.867132 0.770209 0.238171 0.455499 0.42374 50

0 0.394487 0.498958 0.407651 0.997916 0.871342 47
56 0.685645 0.784854 0.209941 0.305683 0.76672 48
56 0.902688 0.889174 0.194624 0.220235 0.52843 46
63 0.881806 0.612904 0.119725 0.117154 0.52005 49
0 0.853346 0.698049 0.293307 0.593431 0.740219 50

0 0.397456 0.499111 0.440154 0.998222 0.886286 47
56 0.685548 0.763567 0.186135 0.271441 0.799622 48
56 0.902912 0.886502 0.194177 0.225469 0.581875 46
63 0.893952 0.608579 0.115163 0.111672 0.661059 49
0 0.850154 0.671412 0.299691 0.647891 0.848313 50


0 0.221979 0.498838 0.443957 0.997294 0.861307 1

0 0.220992 0.498837 0.441985 0.997673 0.85333 1
56 0.42534 0.816579 0.211926 0.309912 0.761948 6
56 0.741558 0.809803 0.34887 0.349084 0.76097 3
0 0.405302 0.601993 0.366068 0.444628 0.729074 2

0 0.220867 0.498715 0.441735 0.997429 0.880714 1
56 0.428312 0.82142 0.216664 0.317273 0.675292 6
0 0.898377 0.7973 0.200251 0.400508 0.665491 8
56 0.743271 0.79003 0.367722 0.377613 0.688518 3
0 0.410763 0.552751 0.324149 0.404099 0.708979 2

0 0.218658 0.498401 0.437316 0.996802 0.883793 1
56 0.429709 0.84344 0.20746 0.304459 0.599377 6
0 0.899541 0.807956 0.190847 0.381247 0.413471 8
56 0.747952 0.797835 0.360775 0.380708 0.609646 3
0 0.414249 0.54686 0.288441 0.365356 0.703853 2

0 0.184864 0.709174 0.367249 0.579743 0.953129 1
0 0.442841 0.888663 0.169131 0.22149 0.8835 2

0 0.214717 0.498636 0.429434 0.997272 0.883837 1
56 0.424656 0.865093 0.184376 0.269814 0.547271 6
0 0.902758 0.823385 0.176323 0.351144 0.571355 8
56 0.751718 0.816395 0.328738 0.35562 0.773163 3
0 0.41653 0.638475 0.363373 0.481465 0.565084 2

0 0.212002 0.49864 0.424004 0.99728 0.871591 1
56 0.427114 0.867272 0.182389 0.265455 0.669957 6
0 0.902717 0.834951 0.166296 0.328982 0.596638 8
56 0.752645 0.825808 0.30933 0.343153 0.811082 3
0 0.415809 0.647382 0.347064 0.47509 0.573795 2

0 0.209465 0.498565 0.418931 0.99713 0.890979 1
56 0.426799 0.853611 0.200483 0.292779 0.720496 6
0 0.900397 0.837039 0.165744 0.324933 0.717997 8
56 0.749681 0.829545 0.295775 0.337087 0.841448 3
0 0.414278 0.605756 0.279706 0.383888 0.572903 2

0 0.209411 0.498549 0.418822 0.997099 0.863418 1
56 0.428487 0.840998 0.216577 0.318003 0.673262 6
0 0.898902 0.807633 0.195138 0.383183 0.59287 8
56 0.748915 0.820424 0.295385 0.34802 0.749592 3
0 0.41248 0.5724 0.25117 0.345054 0.689622 2

0 0.208848 0.498356 0.417696 0.996713 0.867698 1
56 0.427422 0.834076 0.224084 0.331849 0.546738 6
0 0.893188 0.77541 0.213624 0.446693 0.720038 8
56 0.748712 0.815102 0.288535 0.351727 0.836339 3
0 0.411476 0.558459 0.246685 0.3404 0.515531 2

0 0.210839 0.49794 0.421677 0.995879 0.853161 1
56 0.422665 0.843826 0.210708 0.312349 0.520272 6
0 0.897096 0.790324 0.205808 0.41689 0.687128 8
56 0.750734 0.801616 0.265054 0.332204 0.86706 3
0 0.411542 0.603335 0.309984 0.441735 0.561833 2

0 0.21423 0.498861 0.428461 0.997722 0.843374 1
56 0.424097 0.851176 0.201391 0.297648 0.647087 6
0 0.89833 0.794248 0.203341 0.407802 0.639238 8
56 0.748608 0.811928 0.269378 0.348061 0.778798 3
0 0.410648 0.595689 0.292761 0.423911 0.787832 2

0 0.21059 0.498618 0.421179 0.997236 0.868522 1
56 0.423267 0.853122 0.199669 0.293756 0.531965 6
0 0.896951 0.791529 0.206098 0.413679 0.448467 8
56 0.752433 0.804558 0.250378 0.331384 0.870263 3
0 0.410157 0.591215 0.28233 0.414727 0.699496 2

0 0.20943 0.498501 0.418861 0.997002 0.867962 1
56 0.420367 0.852985 0.200455 0.29401 0.620211 6
0 0.897935 0.794935 0.20413 0.405449 0.408122 8
56 0.752154 0.810212 0.251604 0.342598 0.83637 3
0 0.410498 0.627952 0.323751 0.491504 0.525783 2

0 0.207696 0.498659 0.415391 0.997317 0.877047 1
56 0.4219 0.854599 0.198852 0.290803 0.650553 6
0 0.894622 0.775875 0.210756 0.444265 0.407069 8
56 0.752052 0.813404 0.247087 0.345354 0.82021 3
0 0.411645 0.61103 0.293469 0.451972 0.622627 2

0 0.185038 0.709264 0.367168 0.57953 0.951989 1
0 0.442572 0.888396 0.169301 0.22201 0.899111 2

0 0.209326 0.498758 0.418651 0.997515 0.871772 1
56 0.426217 0.854623 0.198425 0.290644 0.632467 6
56 0.750407 0.814839 0.245945 0.352462 0.845961 3
0 0.413577 0.597975 0.275292 0.430067 0.556182 2

0 0.20761 0.498288 0.415221 0.996576 0.887315 1
56 0.431543 0.855661 0.196959 0.288449 0.604551 6
56 0.751558 0.817926 0.238808 0.350158 0.820258 3
0 0.41506 0.598161 0.265281 0.419527 0.655936 2

0 0.207487 0.498944 0.414974 0.997888 0.88308 1
56 0.431483 0.853692 0.198986 0.292233 0.586162 6
56 0.749963 0.816428 0.232172 0.348163 0.809388 3
0 0.415757 0.61384 0.282184 0.456088 0.561116 2
0 0.915207 0.552581 0.166946 0.409293 0.662578 9

0 0.207318 0.498621 0.414636 0.997243 0.878798 1
56 0.431638 0.854757 0.19771 0.290005 0.752561 6
56 0.751756 0.816652 0.225512 0.345453 0.81297 3
0 0.414831 0.603392 0.264646 0.431651 0.618256 2
0 0.917648 0.553693 0.164704 0.409351 0.471282 9
0 0.876967 0.684079 0.246066 0.618703 0.570859 8

0 0.206248 0.499104 0.412495 0.998207 0.897447 1
56 0.428279 0.853959 0.198595 0.291239 0.682976 6
56 0.751025 0.814548 0.2198 0.343733 0.798561 3
0 0.413372 0.614926 0.274025 0.454834 0.55034 2
0 0.919498 0.551597 0.161005 0.404922 0.697054 9

0 0.205668 0.499681 0.411337 0.997214 0.878118 1
56 0.426453 0.851368 0.202081 0.296293 0.643321 6
56 0.751513 0.804313 0.206469 0.327129 0.790627 3
0 0.412114 0.623676 0.284503 0.481799 0.489368 2

0 0.203735 0.509689 0.407471 0.977816 0.88516 1
56 0.422423 0.848275 0.205623 0.302558 0.499646 6
56 0.749164 0.814232 0.209931 0.338807 0.744014 3
0 0.411146 0.656416 0.309969 0.539736 0.693956 2

0 0.202041 0.513085 0.404082 0.968855 0.881629 1
56 0.424975 0.852537 0.200597 0.293853 0.667617 6
56 0.749445 0.817864 0.20947 0.344294 0.765373 3
0 0.410318 0.617486 0.265283 0.460622 0.686502 2

0 0.203489 0.514251 0.403308 0.965306 0.881618 1
56 0.419137 0.852944 0.200341 0.293212 0.648266 6
56 0.751347 0.800455 0.190295 0.314846 0.745095 3
0 0.408653 0.597952 0.247547 0.42903 0.628168 2
0 0.892152 0.829077 0.215697 0.337833 0.509042 10

0 0.203879 0.521633 0.399185 0.952946 0.876255 1
56 0.417972 0.854664 0.199337 0.289763 0.579685 6
56 0.75163 0.795888 0.183414 0.305251 0.743553 3
0 0.407293 0.592169 0.238815 0.412002 0.72579 2

0 0.185102 0.708823 0.367729 0.580413 0.951612 1
0 0.443555 0.888687 0.168817 0.221421 0.887292 2

0 0.202429 0.524859 0.397389 0.947466 0.894927 1
56 0.415734 0.853691 0.201102 0.291696 0.529466 6
56 0.749352 0.808813 0.194996 0.330121 0.759978 3
0 0.406099 0.58844 0.23696 0.407115 0.753676 2
0 0.880571 0.793517 0.238858 0.409467 0.5384 10

0 0.199485 0.527951 0.394648 0.940726 0.892081 1
56 0.415694 0.853412 0.202354 0.292333 0.558171 6
56 0.749782 0.804123 0.187811 0.320549 0.730057 3
0 0.405107 0.587653 0.237313 0.406119 0.800343 2
0 0.879008 0.78871 0.241983 0.419977 0.437419 10

0 0.195442 0.530479 0.390884 0.936296 0.898633 1
56 0.418425 0.854916 0.202093 0.289333 0.644216 6
56 0.75059 0.796913 0.177025 0.302817 0.729922 3
0 0.404782 0.58973 0.238097 0.406058 0.712785 2

0 0.194543 0.529024 0.389085 0.937596 0.893331 1
56 0.417855 0.853777 0.204359 0.291456 0.659318 6
56 0.746772 0.812345 0.192156 0.334265 0.699479 3
0 0.405075 0.586661 0.237642 0.40379 0.67101 2

0 0.194774 0.528035 0.389547 0.93956 0.890787 1
56 0.420376 0.854565 0.204798 0.289873 0.733412 6
56 0.749806 0.797287 0.174744 0.304308 0.631471 3
0 0.404941 0.58901 0.239463 0.405748 0.729604 2

0 0.195675 0.523562 0.39135 0.949523 0.903532 1
56 0.416441 0.853779 0.205559 0.291101 0.651832 6
56 0.747673 0.804303 0.1808 0.318766 0.557429 3
0 0.405168 0.589203 0.240396 0.406558 0.812771 2

0 0.196805 0.51866 0.39361 0.958149 0.900007 1
56 0.418368 0.852898 0.207647 0.293015 0.675814 6
56 0.747564 0.798323 0.174046 0.307589 0.710673 3
0 0.405093 0.587676 0.241122 0.406923 0.7518 2

0 0.197185 0.513672 0.394371 0.968488 0.895027 1
56 0.420566 0.853328 0.208226 0.292572 0.724831 6
56 0.747955 0.810148 0.185352 0.332512 0.48062 3
0 0.405792 0.588027 0.240992 0.40613 0.722265 2

0 0.19817 0.509354 0.39634 0.976859 0.88463 1
56 0.421676 0.853083 0.208964 0.292816 0.69962 6
56 0.747455 0.801769 0.175084 0.315013 0.707056 3
0 0.406926 0.588272 0.241061 0.406307 0.807803 2

0 0.198544 0.504738 0.397088 0.985711 0.879949 1
56 0.422299 0.852292 0.210345 0.294445 0.697109 6
56 0.746834 0.80348 0.174555 0.315975 0.6037 3
0 0.407884 0.588227 0.242616 0.409767 0.818264 2

0 0.184877 0.709424 0.367008 0.579205 0.952879 1
0 0.445087 0.889526 0.167715 0.219683 0.876612 2

0 0.19778 0.503602 0.395559 0.988177 0.890696 1
56 0.423609 0.852843 0.210279 0.293561 0.687065 6
56 0.747715 0.793847 0.164644 0.296816 0.62146 3
0 0.408785 0.589429 0.242349 0.410031 0.807891 2

0 0.196748 0.504265 0.393495 0.986779 0.885837 1
56 0.422498 0.851941 0.211454 0.29533 0.670201 6
56 0.748134 0.79328 0.163629 0.295058 0.690742 3
0 0.409575 0.589506 0.240182 0.407028 0.807105 2

0 0.196519 0.503563 0.393038 0.98675 0.886188 1
56 0.421876 0.8508 0.212489 0.297439 0.758578 6
56 0.747565 0.783824 0.154588 0.276384 0.760211 3
0 0.409517 0.587714 0.240726 0.409451 0.684995 2

0 0.186732 0.503941 0.373464 0.987453 0.895638 1
0 0.384528 0.654951 0.304739 0.535808 0.8343 2

0 0.166677 0.510312 0.333355 0.9776 0.878918 1
0 0.326121 0.673551 0.323049 0.585125 0.837575 2

0 0.139596 0.507533 0.279193 0.980816 0.784119 1
0 0.247182 0.681825 0.328749 0.609183 0.679591 2

0 0.164315 0.687062 0.328629 0.625876 0.774705 2
0 0.802132 0.557182 0.269341 0.406887 0.65107 10

0 0.147073 0.684655 0.294147 0.63069 0.569478 2
0 0.769306 0.556165 0.277154 0.413855 0.542058 10

0 0.874955 0.679705 0.250091 0.613893 0.865799 8

56 0.640031 0.88285 0.350524 0.233394 0.646425 11
0 0.549257 0.678463 0.450929 0.638477 0.724748 12
0 0.871021 0.686576 0.257957 0.616257 0.882747 8

0 0.184676 0.709184 0.36729 0.579703 0.95126 1
0 0.444826 0.890712 0.166166 0.217117 0.872372 2

0 0.508473 0.677523 0.454502 0.64391 0.602826 12
0 0.837289 0.689092 0.268171 0.617959 0.87384 8

0 0.483216 0.672827 0.453724 0.643658 0.909897 12
0 0.8067 0.688731 0.266506 0.62224 0.915104 8
56 0.56883 0.876379 0.369116 0.246101 0.727177 11

0 0.461895 0.678245 0.449408 0.637914 0.821695 12
0 0.783795 0.692043 0.260227 0.614418 0.870733 8
56 0.544169 0.881952 0.352603 0.234914 0.722975 11

0 0.451895 0.672901 0.451466 0.642483 0.886408 12
0 0.766927 0.688149 0.260036 0.622097 0.869419 8
56 0.531398 0.87639 0.368668 0.246042 0.753329 11

0 0.448105 0.677881 0.445384 0.634708 0.866077 12
0 0.759347 0.693186 0.25259 0.612318 0.859443 8
56 0.527825 0.881008 0.355234 0.236857 0.782112 11
56 0.192381 0.822556 0.161252 0.347658 0.764833 13
56 0.753132 0.865964 0.141997 0.261943 0.609332 3

0 0.448888 0.675702 0.447935 0.640095 0.89018 12
0 0.757475 0.690207 0.252339 0.617915 0.875726 8
56 0.528074 0.878212 0.363117 0.242592 0.815056 11
56 0.191979 0.820375 0.163757 0.35287 0.735996 13
56 0.753861 0.867842 0.139494 0.264316 0.652764 3

0 0.449997 0.677668 0.445295 0.637678 0.875572 12
0 0.757077 0.691305 0.249596 0.615845 0.881282 8
56 0.529014 0.879107 0.359943 0.240662 0.788967 11
56 0.193534 0.821065 0.16294 0.350777 0.798932 13
56 0.75801 0.875658 0.12862 0.248685 0.478722 3

0 0.451138 0.678049 0.443235 0.63597 0.890849 12
0 0.756935 0.69245 0.246368 0.612031 0.868626 8
56 0.530459 0.880025 0.357176 0.238841 0.768965 11
56 0.192386 0.821417 0.162669 0.349522 0.779626 13
56 0.787196 0.844306 0.163956 0.311387 0.653184 3

0 0.451821 0.67714 0.443703 0.638257 0.878703 12
0 0.756179 0.692393 0.244079 0.611565 0.852808 8
56 0.532005 0.879548 0.358307 0.239786 0.795724 11
56 0.195206 0.819757 0.162734 0.349499 0.671827 13
56 0.797618 0.832554 0.178466 0.334892 0.598463 3

0 0.452004 0.678011 0.440826 0.634994 0.853856 12
0 0.75768 0.692763 0.242458 0.610923 0.888684 8
56 0.53204 0.880598 0.355042 0.237671 0.806141 11
56 0.1924 0.821177 0.162761 0.348367 0.766761 13
56 0.805693 0.82908 0.186082 0.34184 0.667834 3

0 0.184428 0.709509 0.366853 0.579034 0.951049 1
0 0.445107 0.892499 0.164127 0.213503 0.874975 2

0 0.453114 0.677541 0.440972 0.636712 0.875641 12
0 0.759527 0.693083 0.240541 0.61269 0.85384 8
56 0.532211 0.879675 0.357355 0.23953 0.784486 11
56 0.194692 0.820279 0.162629 0.347931 0.557722 13
56 0.807792 0.825522 0.191915 0.348956 0.692113 3

0 0.453964 0.67801 0.440128 0.636715 0.88306 12
0 0.759438 0.693783 0.238612 0.612392 0.848731 8
56 0.532609 0.879968 0.356284 0.238968 0.776063 11
56 0.194507 0.822044 0.163405 0.349132 0.802917 13
56 0.805655 0.824525 0.194426 0.350951 0.632541 3

0 0.454348 0.678236 0.43913 0.63657 0.89089 12
0 0.758991 0.693816 0.2365 0.611993 0.863172 8
56 0.533271 0.879693 0.356677 0.239501 0.795602 11
56 0.193842 0.821157 0.164363 0.350431 0.760038 13
56 0.806314 0.825219 0.195205 0.349562 0.595606 3

0 0.454549 0.678413 0.438447 0.636762 0.853616 12
0 0.758937 0.693975 0.234879 0.611536 0.869814 8
56 0.53357 0.879638 0.356466 0.239602 0.768845 11
56 0.194097 0.821102 0.164472 0.350494 0.753312 13
56 0.807529 0.825901 0.195846 0.348199 0.625832 3

0 0.454464 0.678421 0.437852 0.637049 0.883211 12
0 0.758868 0.693071 0.234303 0.611443 0.856268 8
56 0.53375 0.879258 0.357295 0.240357 0.795394 11
56 0.197779 0.802289 0.148727 0.312938 0.532441 13
56 0.810274 0.825454 0.198424 0.349092 0.443186 3

0 0.455171 0.677924 0.436912 0.636661 0.883395 12
0 0.758825 0.693617 0.233187 0.612105 0.859562 8
56 0.53477 0.879394 0.356623 0.240097 0.732062 11
56 0.195404 0.814731 0.159692 0.335656 0.760689 13
56 0.801706 0.82477 0.200739 0.35046 0.517333 3

0 0.454259 0.678506 0.435399 0.634946 0.874734 12
0 0.759754 0.694408 0.230898 0.609865 0.876199 8
56 0.535065 0.879743 0.355415 0.239339 0.75755 11
56 0.193234 0.819754 0.16412 0.344549 0.777534 13
56 0.803963 0.826228 0.200232 0.347544 0.533298 3

0 0.455122 0.677998 0.436392 0.63735 0.888787 12
0 0.76016 0.693387 0.230203 0.611825 0.838342 8
56 0.535351 0.878955 0.35744 0.240919 0.766452 11
56 0.195483 0.81984 0.164804 0.346047 0.721251 13
56 0.802837 0.824808 0.202807 0.350383 0.519804 3

0 0.45547 0.677733 0.435415 0.636448 0.889085 12
0 0.761526 0.69395 0.229161 0.611252 0.851447 8
56 0.535107 0.879138 0.35652 0.24055 0.734469 11
56 0.194579 0.821201 0.165901 0.347903 0.760963 13
56 0.796391 0.824864 0.204179 0.350273 0.520919 3

0 0.455613 0.678653 0.434345 0.635542 0.878752 12
0 0.76503 0.694693 0.229062 0.610469 0.840932 8
56 0.535311 0.879732 0.354813 0.23936 0.755135 11
56 0.194481 0.821608 0.165865 0.34792 0.613019 13
56 0.79994 0.826104 0.202577 0.347791 0.430804 3

